,R0_35c01,R1_R2_35c01,im_max_35c01,slope_35c01
0,0.275,0.43509,0.11389,-0.4419875243910533
1,0.28022,0.44594,0.11685,-0.4558621535255297
2,0.28259,0.44589,0.11752,-0.4618847109207709
3,0.28111,0.45579,0.11881,-0.4674362255127971
4,0.27878,0.45376,0.11839,-0.46816416788182336
5,0.27923,0.45158,0.11982,-0.4525465504233292
6,0.27811,0.45364,0.12033,-0.46778984789245354
7,0.27667,0.45261,0.11941,-0.4647517142734787
8,0.27496,0.45528,0.1193,-0.4652535728157423
9,0.27342,0.45564000000000004,0.11888,-0.467514157782516
10,0.27395,0.45594999999999997,0.12038,-0.46828882693431045
11,0.27298,0.45777,0.12142,-0.46436911906548073
12,0.2728,0.46598,0.12118,-0.47020576708061285
13,0.26995,0.46646999999999994,0.12087,-0.47371188619599575
14,0.27246,0.45314000000000004,0.12083,-0.45927775813333055
15,0.27068,0.45760000000000006,0.1214,-0.46293274352981545
16,0.27086,0.4626,0.12131,-0.4622173467674223
17,0.27161,0.46401000000000003,0.12334,-0.4654452336249655
18,0.27193,0.46517,0.12347,-0.46636098323024927
19,0.26913,0.46430000000000005,0.12295,-0.45762728983636153
20,0.26938,0.46066999999999997,0.12311,-0.46588951982309273
21,0.26884,0.46461,0.1231,-0.4621404462865277
22,0.26887,0.47193999999999997,0.12437,-0.4781913564648941
23,0.26848,0.46935,0.12373,-0.46583074979693
24,0.26734,0.47036,0.12493,-0.47227292514451474
25,0.26967,0.46559999999999996,0.12313,-0.4708192707108583
26,0.26841,0.46469,0.12335,-0.46003373108885576
27,0.26735,0.4709,0.1244,-0.4657056100246699
28,0.26818,0.47316,0.1265,-0.47493195462882926
29,0.26993,0.47277,0.12624,-0.4803163251679673
30,0.26915,0.47461,0.12734,-0.48017227528295764
31,0.26955,0.47372,0.12697,-0.47774063146291534
32,0.26776,0.47541,0.12643,-0.4795570087622645
33,0.26873,0.4807199999999999,0.12939,-0.4782981889334772
34,0.26928,0.47884,0.12786,-0.4766204965243297
35,0.2689,0.48354,0.12848,-0.48695604161020656
36,0.2702,0.47831999999999997,0.12963,-0.47645442896471174
37,0.27114,0.47803,0.12974,-0.48857923382425944
38,0.26878,0.48134999999999994,0.13056,-0.4653527413030783
39,0.2705,0.48198,0.12997,-0.48842281683127237
40,0.26929,0.48790000000000006,0.12963,-0.48605121919584954
41,0.26866,0.48512999999999995,0.12855,-0.4838089650501219
42,0.26986,0.48504,0.13109,-0.49278828873574637
43,0.27002,0.48164999999999997,0.13061,-0.4894799173553719
44,0.27039,0.48429999999999995,0.13032,-0.4709383108799803
45,0.27095,0.49039999999999995,0.13316,-0.4902769163682152
46,0.27169,0.49197,0.13275,-0.5021843463365098
47,0.27003,0.48729,0.13104,-0.49685859369247753
48,0.27024,0.49137000000000003,0.13221,-0.49596631321833257
49,0.27153,0.48744000000000004,0.13155,-0.4971065652628481
50,0.2719,0.49099,0.13519,-0.4797417376105284
51,0.27053,0.49750999999999995,0.13476,-0.5085592251158169
52,0.27156,0.49446999999999997,0.13508,-0.5039694231832483
53,0.27031,0.49328,0.13461,-0.5029311931386935
54,0.27116,0.49689999999999995,0.1341,-0.5075997596002157
55,0.27134,0.49371,0.13562,-0.5033670994039183
56,0.27183,0.49761,0.13556,-0.5101504487257159
57,0.27463,0.5000100000000001,0.13638,-0.5125268665203007
58,0.27144,0.50348,0.13703,-0.5159303728398286
59,0.27362,0.49841,0.13529,-0.5110228605044709
60,0.27217,0.5,0.13767,-0.5018969825781139
61,0.27278,0.50267,0.13706,-0.4900592751230609
62,0.27333,0.5021199999999999,0.1386,-0.5107697818542389
63,0.27402,0.5019500000000001,0.13798,-0.5003948307134832
64,0.27376,0.50208,0.13714,-0.5010361535019242
65,0.27341,0.5052099999999999,0.13741,-0.5200603423863045
66,0.27247,0.50669,0.13792,-0.5148850831401792
67,0.275,0.50372,0.14056,-0.5189558768487172
68,0.27538,0.5088600000000001,0.13972,-0.5172243456983263
69,0.2732,0.51215,0.14182,-0.525393057050592
70,0.27337,0.50885,0.13972,-0.5245086755249051
71,0.27517,0.50671,0.13966,-0.5234397569209993
72,0.27446,0.5123500000000001,0.1399,-0.5276446760557776
73,0.2753,0.51264,0.14038,-0.5043047868385668
74,0.27546,0.50983,0.14285,-0.5260160621433101
75,0.2752,0.51484,0.14206,-0.5252182894352055
76,0.27433,0.5150699999999999,0.14291,-0.5201198391287467
77,0.2763,0.51435,0.14252,-0.5116225107879175
78,0.27389,0.51766,0.14304,-0.5127229185190976
79,0.27587,0.5178,0.14352,-0.5177226300411963
80,0.27613,0.52303,0.14325,-0.5204103165728313
81,0.27627,0.51261,0.14248,-0.5312033064318905
82,0.27648,0.5133099999999999,0.14276,-0.5298281538221954
83,0.27552,0.51841,0.14435,-0.5363399880441387
84,0.27607,0.5194799999999999,0.14452,-0.5099032191376256
85,0.27534,0.52399,0.14603,-0.5321594607973389
86,0.27599,0.5227900000000001,0.14538,-0.5156158895406623
87,0.27678,0.5211,0.14492,-0.541899791179679
88,0.2765,0.52091,0.14342,-0.5219606085408564
89,0.27796,0.51995,0.14468,-0.5411499512789282
90,0.27699,0.52762,0.14577,-0.5448441117806743
91,0.27629,0.52786,0.1478,-0.5487024801952392
92,0.27803,0.52698,0.1474,-0.5379171923489802
93,0.27707,0.52186,0.14633,-0.5430832336000619
94,0.27669,0.52614,0.14577,-0.5184894207121628
95,0.27821,0.5251300000000001,0.14683,-0.5470999652123496
96,0.27791,0.53113,0.1488,-0.5528543833638202
97,0.27866,0.53576,0.14866,-0.5476069468921398
98,0.27745,0.5349,0.14936,-0.5549954292294202
99,0.277,0.53087,0.14783,-0.5248618746260592
100,0.2779,0.5316099999999999,0.14904,-0.5494716107955095
101,0.27716,0.53156,0.1492,-0.5293696341977248
102,0.27712,0.5370699999999999,0.15071,-0.558432900696029
103,0.27898,0.53721,0.1516,-0.5510270251182687
104,0.27847,0.53888,0.15199,-0.561915736899459
105,0.27736,0.5359499999999999,0.14986,-0.5540264553300227
106,0.27878,0.5387500000000001,0.15126,-0.5477391094704044
107,0.27955,0.53468,0.15014,-0.5588425542577351
108,0.27801,0.54403,0.1527,-0.5592232257821759
109,0.27873,0.5407600000000001,0.15243,-0.5526026780831775
110,0.27864,0.54571,0.15202,-0.562615928497701
111,0.27718,0.5454,0.15327,-0.5499094010454131
112,0.2786,0.5452299999999999,0.15344,-0.5668782224568814
113,0.27813,0.54683,0.15439,-0.5683043469674528
114,0.27815,0.54771,0.15563,-0.5598083605620929
115,0.27826,0.5528500000000001,0.1554,-0.5490039980271644
116,0.27915,0.54918,0.15572,-0.5724575485115557
117,0.2802,0.54876,0.15587,-0.5738627707048417
118,0.27923,0.54787,0.15561,-0.572922837357184
119,0.27975,0.5529999999999999,0.15526,-0.5682050116815773
120,0.28037,0.54996,0.15652,-0.5758444187796962
121,0.28054,0.5552199999999999,0.15667,-0.5673249314341493
122,0.2807,0.55633,0.1574,-0.5565498033840628
123,0.27925,0.55192,0.15587,-0.5774245325075659
124,0.27929,0.54779,0.15743,-0.5677028180421728
125,0.2787,0.54851,0.15494,-0.561293371268778
126,0.28024,0.5534300000000001,0.15846,-0.5787971166804149
127,0.28078,0.5537799999999999,0.15774,-0.581342392134633
128,0.28041,0.55535,0.15842,-0.5746814911785727
129,0.27965,0.5521199999999999,0.15952,-0.57562905471794
130,0.27946,0.5518400000000001,0.15791,-0.5763984072756624
131,0.27809,0.55474,0.15873,-0.5794460787530762
132,0.28008,0.56177,0.15964,-0.5893219361721866
133,0.27873,0.5651200000000001,0.15945,-0.5620330835614531
134,0.27968,0.5616300000000001,0.16088,-0.5850355585951126
135,0.27843,0.5585800000000001,0.15789,-0.5837938765008577
136,0.27913,0.55497,0.15851,-0.5682469386217677
137,0.27945,0.5558500000000001,0.16074,-0.5645484153335345
138,0.28035,0.56524,0.16103,-0.5933441458375606
139,0.2802,0.56596,0.16138,-0.5869051341807265
140,0.28042,0.56815,0.16072,-0.5656512910385647
141,0.28112,0.5622400000000001,0.16038,-0.5806778742876393
142,0.28088,0.56217,0.16094,-0.57220309894424
143,0.28061,0.5627599999999999,0.15939,-0.5696762386010576
144,0.28034,0.5685100000000001,0.16275,-0.5962298966616586
145,0.27957,0.57076,0.16184,-0.5869104245195347
146,0.28128,0.56569,0.16339,-0.5825833980889058
147,0.27989,0.5671200000000001,0.1623,-0.579839413960433
148,0.28153,0.56548,0.16173,-0.5785986768495351
149,0.28026,0.56297,0.16093,-0.5812084833964164
150,0.28206,0.5675100000000001,0.16389,-0.5975154313906933
151,0.27979,0.57459,0.16307,-0.5985868475845344
152,0.28149,0.57458,0.16464,-0.5780638895759075
153,0.28244,0.5707,0.16554,-0.600671502511965
154,0.2821,0.5697,0.1641,-0.5863318268677762
155,0.28218,0.57084,0.16419,-0.5982087742602826
156,0.28262,0.57211,0.16485,-0.6027575550783063
157,0.28182,0.57734,0.16463,-0.5903073897804834
158,0.28228,0.57903,0.16624,-0.6097112573162802
159,0.28117,0.5821400000000001,0.16603,-0.6120581697066108
160,0.28012,0.58182,0.16618,-0.6049800516448343
161,0.28312,0.5799700000000001,0.16604,-0.6038002382082017
162,0.28248,0.58409,0.16672,-0.6031251130758832
163,0.28246,0.58493,0.16804,-0.616438882493142
164,0.28312,0.58586,0.16865,-0.6172832232034786
165,0.28274,0.58246,0.16766,-0.603777497601754
166,0.28172,0.57837,0.16735,-0.6068417127332861
167,0.28271,0.5817,0.16624,-0.5811092027147835
168,0.28249,0.58651,0.16852,-0.6178775143678161
169,0.28348,0.5872299999999999,0.16858,-0.6183596783770411
170,0.28331,0.5889199999999999,0.16945,-0.6125429954210913
171,0.28269,0.58554,0.16862,-0.6018264304126002
172,0.28373,0.58659,0.16836,-0.610820867479948
173,0.28321,0.58639,0.16873,-0.6026840066972411
174,0.28337,0.58985,0.16979,-0.5966269606917096
175,0.2847,0.59182,0.1714,-0.6226385983827494
176,0.28546,0.5917000000000001,0.17189,-0.6136894231547818
177,0.28296,0.59217,0.17073,-0.6104618980333979
178,0.28441,0.5892999999999999,0.17031,-0.6204480545307298
179,0.28321,0.58951,0.17098,-0.6121017786459946
180,0.2837,0.59321,0.1714,-0.6183169392679018
181,0.28475,0.59632,0.17218,-0.5982070500454635
182,0.28429,0.59883,0.17426,-0.6213741915711559
183,0.28455,0.6002099999999999,0.17399,-0.6145227386533039
184,0.28452,0.59437,0.17151,-0.628433431621128
185,0.28525,0.59376,0.17313,-0.617237993812727
186,0.28476,0.5949,0.17208,-0.6267739971139972
187,0.28373,0.60154,0.17462,-0.6199447149564051
188,0.28323,0.6031,0.17494,-0.6309408463807579
189,0.28492,0.6027499999999999,0.17612,-0.6159930950202588
190,0.28396,0.59991,0.17406,-0.6338435738698426
191,0.28516,0.6026499999999999,0.17345,-0.6147820879239383
192,0.28452,0.59931,0.1751,-0.618699362920544
193,0.28532,0.60507,0.17535,-0.6386972468373986
194,0.28511,0.60695,0.17736,-0.6302830543305619
195,0.28471,0.6088399999999999,0.17698,-0.6294367034389798
196,0.28479,0.60899,0.17733,-0.6219339940918108
197,0.28453,0.6073900000000001,0.17772,-0.6420709067527492
198,0.28551,0.60843,0.17729,-0.6439378083824986
199,0.28479,0.6163,0.17748,-0.6183950477800453
200,0.28563,0.6116699999999999,0.17936,-0.6473588066177047
201,0.28498,0.61487,0.17995,-0.6458700639593464
202,0.28525,0.61993,0.17967,-0.6558440279152127
203,0.28692,0.61202,0.18019,-0.6350033379367135
204,0.2866,0.6184499999999999,0.17931,-0.6329883871622277
205,0.2861,0.61552,0.18016,-0.6522875769333806
206,0.28681,0.62087,0.17952,-0.6268378504500872
207,0.28717,0.6169,0.18036,-0.651255966013619
208,0.28609,0.61419,0.17877,-0.6405315225816657
209,0.28547,0.61197,0.17892,-0.6289614608001555
210,0.2884,0.61032,0.17963,-0.6145346419218946
211,0.28624,0.61415,0.18037,-0.6480573852894711
212,0.28555,0.6237599999999999,0.18128,-0.6534305584189507
213,0.28602,0.6212599999999999,0.18094,-0.6523478228769437
214,0.2881,0.6229899999999999,0.18077,-0.6614244813596775
215,0.28546,0.6180399999999999,0.18049,-0.6537661623287256
216,0.28791,0.61656,0.18099,-0.629278823655343
217,0.28832,0.6211,0.18087,-0.6554005974614301
218,0.28862,0.6206,0.18238,-0.6339235780490364
219,0.28805,0.6274299999999999,0.18284,-0.6338240499082057
220,0.28754,0.62781,0.18259,-0.6604576777042317
221,0.28863,0.62348,0.18225,-0.6387275094247202
222,0.28958,0.6192500000000001,0.18271,-0.6574745887146902
223,0.28756,0.6217999999999999,0.18177,-0.6440538775510203
224,0.28959,0.62478,0.18337,-0.6634815298895974
225,0.28805,0.62662,0.18451,-0.6638608014031757
226,0.28817,0.62839,0.18512,-0.6560428018213393
227,0.28917,0.62463,0.18387,-0.6611085376890918
228,0.29113,0.62682,0.18354,-0.655245994065282
229,0.28918,0.62884,0.18364,-0.6686828360003069
230,0.28939,0.6324400000000001,0.18482,-0.6634549842377371
231,0.29027,0.6346100000000001,0.18535,-0.6758633071401265
232,0.29085,0.6295900000000001,0.18585,-0.6694845967103824
233,0.28994,0.6308,0.18583,-0.6707250806073473
234,0.29082,0.6330199999999999,0.18548,-0.6493391001900533
235,0.28964,0.62933,0.18507,-0.6688291356907473
236,0.2906,0.62826,0.18507,-0.6487691725376433
237,0.29253,0.63133,0.187,-0.6510871687018693
238,0.29206,0.6348900000000001,0.1875,-0.6765959013612655
239,0.29206,0.6399900000000001,0.18853,-0.6825204711402548
240,0.29228,0.6407700000000001,0.18793,-0.6668467118930981
241,0.29212,0.6336999999999999,0.18817,-0.6609980685912853
242,0.29265,0.63452,0.18702,-0.6707800738315686
243,0.29228,0.63659,0.18881,-0.6749419505713525
244,0.29134,0.63852,0.18846,-0.6800158104670946
245,0.29108,0.64228,0.18864,-0.6834587602437487
246,0.29363,0.64517,0.18964,-0.6832792870110579
247,0.29369,0.64341,0.18905,-0.6542125626715386
248,0.29352,0.63923,0.18856,-0.6836788691699307
249,0.2935,0.64051,0.18974,-0.6717543311871161
250,0.29307,0.6443399999999999,0.19019,-0.6807261845323438
251,0.29259,0.65048,0.19071,-0.6860451021611829
252,0.29328,0.6457,0.19131,-0.6759065319217197
253,0.29456,0.64334,0.18982,-0.6866923908171904
254,0.29377,0.6422800000000001,0.19,-0.6747131716906947
255,0.29326,0.6479599999999999,0.19065,-0.6872128047485366
256,0.29433,0.65078,0.19334,-0.6942178036345695
257,0.29424,0.65296,0.19193,-0.6977632814756737
258,0.29491,0.65467,0.19359,-0.6629365081761841
259,0.29473,0.64442,0.19058,-0.6582020076772835
260,0.29521,0.64539,0.19257,-0.6520446183592671
261,0.29455,0.65097,0.19278,-0.6902592650874697
262,0.29571,0.6549499999999999,0.19265,-0.6665696509240246
263,0.29583,0.65727,0.19487,-0.6980247870074547
264,0.29606,0.65724,0.19343,-0.7029232738531468
265,0.29459,0.65625,0.19393,-0.6999398485262347
266,0.29555,0.65141,0.19361,-0.6857688392618349
267,0.29628,0.65554,0.19449,-0.6957083389757197
268,0.2965,0.66029,0.19648,-0.7064886479882717
269,0.29532,0.65972,0.19558,-0.690789276791857
270,0.29629,0.6656599999999999,0.19684,-0.6990394349300902
271,0.29709,0.6637599999999999,0.19678,-0.7092433819616704
272,0.29578,0.6672899999999999,0.19813,-0.7130720347535913
273,0.29584,0.6645,0.19655,-0.7009428909245503
274,0.29605,0.6649400000000001,0.19807,-0.7082202242449184
275,0.29538,0.67017,0.19788,-0.7141099289537793
276,0.29559,0.67333,0.19944,-0.6784485169238814
277,0.29524,0.67533,0.20067,-0.6971944119910203
278,0.29669,0.6702899999999999,0.19921,-0.7126088499979601
279,0.29545,0.67517,0.19922,-0.7064057066815164
280,0.29595,0.6748000000000001,0.19978,-0.7115466450181129
281,0.29536,0.6777299999999999,0.20057,-0.7204026828647755
282,0.29622,0.6808799999999999,0.20286,-0.712584028365103
283,0.29518,0.68337,0.20285,-0.6978410946620146
284,0.29533,0.68645,0.20351,-0.715290517615791
285,0.29713,0.68131,0.20294,-0.699384867024833
286,0.29583,0.69008,0.20377,-0.7349439815860193
287,0.29601,0.68977,0.20648,-0.7020433281887765
288,0.29749,0.6902999999999999,0.20698,-0.7348743599671477
289,0.29651,0.6945399999999999,0.20638,-0.7365420185252971
290,0.29721,0.7015,0.20765,-0.7475564176591631
291,0.29708,0.6974,0.20798,-0.7301406486659212
292,0.29751,0.70048,0.20738,-0.7471239175144608
293,0.29825,0.70189,0.20824,-0.7328091738290412
294,0.29816,0.70577,0.2094,-0.751311706437553
295,0.29993,0.7125900000000001,0.21282,-0.7505183357288752
296,0.30178,0.71475,0.2125,-0.7411311627377464
297,0.30003,0.71689,0.21339,-0.7672583262079784
298,0.30269,0.72467,0.21775,-0.7440624977524137
299,0.30306,0.7288,0.21943,-0.7621521879709126
300,0.30323,0.7484099999999999,0.22452,-0.7938906738544473
301,0.30462,0.75171,0.22735,-0.7930455584364684
302,0.30421,0.7658699999999999,0.22968,-0.8252059605453039
303,0.30151,0.7726500000000001,0.23418,-0.8020479963408708
304,0.30189,0.78393,0.23739,-0.8358419214918307
305,0.30154,0.79671,0.23966,-0.8515808780519508
306,0.3,0.8115299999999999,0.24444,-0.867785015730752
307,0.30003,0.82352,0.24873,-0.8810573458415243
308,0.30034,0.8361799999999999,0.25275,-0.8948894924841854
309,0.29908,0.8450899999999999,0.25346,-0.895743683430158
310,0.29799,0.8491,0.25437,-0.8877087003141052
311,0.30018,0.86163,0.26033,-0.9143908808875307
312,0.29932,0.8726,0.26292,-0.9151356744619092
313,0.30011,0.8827699999999999,0.26775,-0.9400433284694458
314,0.30159,0.8918900000000001,0.27399,-0.9540805435499619
315,0.3006,0.9063399999999999,0.27446,-0.9263757681271862
316,0.30052,0.90545,0.2726,-0.9617875314435171
317,0.29971,0.9142300000000001,0.27988,-0.975775524020007
318,0.30033,0.9270499999999999,0.27417,-0.9715677303844128
319,0.3014,0.92789,0.28256,-0.9912942546725422
320,0.30085,0.9381199999999998,0.28595,-0.9997538390530734
321,0.3016,0.94582,0.28804,-1.0103096863785301
322,0.30037,0.9573799999999999,0.28786,-0.9686467312333371
323,0.30154,0.9582900000000001,0.29023,-0.9722470134366761
324,0.30325,0.96658,0.29152,-0.9966882982051233
325,0.30322,0.9776499999999999,0.29218,-1.0448353333660223
326,0.30073,0.98675,0.29502,-1.0512047496284023
