,R0_25c04,R1_R2_25c04,im_max_25c04,slope_25c04
0,0.26546,1.1661599999999999,0.26859,-1.2624549627054817
1,0.26848,1.18377,0.2735,-1.279935695288754
2,0.26815,1.18744,0.27478,-1.2858897069558193
3,0.27047,1.19669,0.27543,-1.2941258152407789
4,0.26915,1.19441,0.27497,-1.2894313128925783
5,0.27191,1.18954,0.27364,-1.2928305189832405
6,0.27131,1.1889,0.27259,-1.293279848079692
7,0.27071,1.20361,0.27732,-1.3025184303756137
8,0.2714,1.2086800000000002,0.27831,-1.3040241483544945
9,0.27244,1.21467,0.27931,-1.3225370487264674
10,0.27181,1.1903000000000001,0.27499,-1.290820587629228
11,0.27065,1.19257,0.27452,-1.2820234688855032
12,0.27304,1.20044,0.27491,-1.3047789063619784
13,0.27204,1.20248,0.27793,-1.3070740045951532
14,0.27282,1.20301,0.27765,-1.3047589627678176
15,0.27137,1.20356,0.27668,-1.3009351660559063
16,0.27191,1.1883400000000002,0.275,-1.2924647259994642
17,0.27335,1.18512,0.27229,-1.2880934890174498
18,0.27164,1.19611,0.27599,-1.3014628124909478
19,0.27275,1.1995799999999999,0.27619,-1.2997733498112634
20,0.2705,1.20065,0.2766,-1.3017501395673412
21,0.27178,1.1894900000000002,0.27357,-1.2816351954661385
22,0.27278,1.17957,0.2712,-1.2817838389350267
23,0.27241,1.17459,0.27068,-1.2635581066344426
24,0.27156,1.19467,0.27337,-1.2935458545953522
25,0.27123,1.1863,0.27319,-1.2870236552913639
26,0.27221,1.18671,0.27265,-1.2887149789812358
27,0.27189,1.17878,0.27107,-1.2682050995711682
28,0.27247,1.17351,0.26892,-1.2768442850392212
29,0.27138,1.19049,0.27525,-1.2915801661292872
30,0.2716,1.19274,0.27509,-1.284421981490298
31,0.2711,1.21238,0.2809,-1.3194047088996004
32,0.27385,1.22688,0.28191,-1.3332126278492904
33,0.27346,1.19162,0.27554,-1.298637249954926
34,0.27339,1.18623,0.27454,-1.2921405703450715
35,0.27369,1.19818,0.27817,-1.2989690743275912
36,0.27276,1.20669,0.28099,-1.3115170139670123
37,0.2716,1.21064,0.27969,-1.308085135227424
38,0.27249,1.2145700000000001,0.27872,-1.313802341372339
39,0.27257,1.19129,0.27718,-1.297836294796376
40,0.27367,1.1850999999999998,0.27528,-1.283464432534345
41,0.2722,1.20406,0.27541,-1.2972398230826714
42,0.273,1.19482,0.27641,-1.2964185013631897
43,0.27306,1.1954699999999998,0.27687,-1.2992282642282096
44,0.27295,1.18658,0.27689,-1.2922198699374288
45,0.27436,1.16025,0.26828,-1.2600781159076346
46,0.2723,1.15984,0.26869,-1.2577742058549386
47,0.27237,1.16735,0.26847,-1.2566846284779438
48,0.27306,1.16627,0.27043,-1.265590402239663
49,0.27372,1.16351,0.27329,-1.2655711150621856
50,0.27326,1.16342,0.26888,-1.2569990046863477
51,0.27254,1.16216,0.2701,-1.266520766788304
52,0.27367,1.1596199999999999,0.26819,-1.2521567907722035
53,0.27244,1.16482,0.27034,-1.2684684765516385
54,0.27319,1.16675,0.27064,-1.2661317989574346
55,0.27412,1.17768,0.27187,-1.2782795153118467
56,0.27295,1.16104,0.27104,-1.2644080185263555
57,0.27174,1.1613099999999998,0.27059,-1.2589921726510236
58,0.27296,1.17726,0.2722,-1.2799290853794056
59,0.27315,1.17425,0.27307,-1.2807578147675929
60,0.27238,1.18367,0.27481,-1.2856253045501824
61,0.27433,1.18384,0.27513,-1.285484140797445
62,0.27274,1.18049,0.27515,-1.2840830115956998
63,0.27403,1.17256,0.27398,-1.279938006503149
64,0.2721,1.20552,0.28148,-1.3071883007236509
65,0.27446,1.21208,0.28454,-1.323125198092443
66,0.27303,1.22552,0.28723,-1.330799912811805
67,0.27361,1.20466,0.28343,-1.3145590274499495
68,0.27251,1.1757199999999999,0.27506,-1.2743205432239892
69,0.27387,1.18417,0.27975,-1.2891860404265367
70,0.27276,1.2289599999999998,0.28743,-1.3338072684006703
71,0.27311,1.23683,0.28929,-1.3341847262646478
72,0.27372,1.22846,0.28965,-1.3422813938836229
73,0.27543,1.19908,0.28161,-1.2971935396139909
74,0.27505,1.17353,0.27741,-1.2765600478241201
75,0.27364,1.1873999999999998,0.27795,-1.2816634368896946
76,0.27389,1.21885,0.28726,-1.3189470772666165
77,0.27435,1.22777,0.28971,-1.3369614352182226
78,0.27528,1.22849,0.2904,-1.3361008955869957
79,0.27392,1.20024,0.28227,-1.3035149642033874
80,0.27481,1.18116,0.28044,-1.2892425198223088
