,R0_35c02,R1_R2_35c02,im_max_35c02,slope_35c02
0,0.47084,0.43385,0.11167,-0.6863164097529793
1,0.47543,0.44206999999999996,0.11621,-0.7031007571969426
2,0.47854,0.4511,0.11695,-0.7082626160834605
3,0.47624,0.45691000000000004,0.11871,-0.709465204735537
4,0.47571,0.45659,0.11957,-0.7127772616999691
5,0.47508,0.46184,0.12074,-0.7218058729179518
6,0.47387,0.46375,0.12034,-0.7234402055093246
7,0.47094,0.46358999999999995,0.12098,-0.7165522763661678
8,0.47205,0.46003999999999995,0.11954,-0.704474233085277
9,0.47263,0.46042000000000005,0.12008,-0.708443068691871
10,0.47271,0.45725,0.12034,-0.715700675580577
11,0.47067,0.46581,0.12124,-0.7224716745935473
12,0.4678,0.46813000000000005,0.12229,-0.7147262597128934
13,0.46412,0.46707,0.12115,-0.7076128359657636
14,0.46373,0.46614,0.12177,-0.712104906385573
15,0.46487,0.46580999999999995,0.12232,-0.7088970686620497
16,0.46349,0.46818999999999994,0.12245,-0.7122274397789762
17,0.46153,0.47204999999999997,0.12398,-0.7015347314600512
18,0.45905,0.47356000000000004,0.12474,-0.714485447137448
19,0.45614,0.46709,0.12472,-0.7004668374464469
20,0.458,0.46927,0.12255,-0.7087722768468987
21,0.45637,0.46925999999999995,0.12342,-0.7002611743973929
22,0.45488,0.47401999999999994,0.1262,-0.710301253669761
23,0.45251,0.47142999999999996,0.12548,-0.7051116434921358
24,0.45024,0.4745400000000001,0.12521,-0.6988157013522704
25,0.45067,0.47126999999999997,0.12484,-0.7020980551421079
26,0.44954,0.47342999999999996,0.12339,-0.7010908567284505
27,0.45259,0.47300000000000003,0.12435,-0.7001631793709266
28,0.44956,0.48035999999999995,0.12597,-0.7041526082921612
29,0.44811,0.47707999999999995,0.12623,-0.7028831591764445
30,0.44536,0.4797,0.12553,-0.6993126903148665
31,0.44588,0.47774999999999995,0.12667,-0.6962669074205441
32,0.44248,0.48431,0.1257,-0.6991922435471437
33,0.44197,0.4807600000000001,0.12705,-0.6984200786507887
34,0.44235,0.48056999999999994,0.12676,-0.7026502531957601
35,0.44126,0.48070999999999997,0.12662,-0.6950153678655373
36,0.43918,0.48319999999999996,0.12697,-0.6944145361965907
37,0.44276,0.48061000000000004,0.12658,-0.6878828678100779
38,0.44363,0.48645,0.12835,-0.7030848913761953
39,0.44389,0.48756999999999995,0.12779,-0.7042345919717687
40,0.44462,0.484,0.12902,-0.7003799526313956
41,0.44756,0.47745,0.12735,-0.6885587578463442
42,0.4529,0.47786,0.12767,-0.7082875427597541
43,0.45548,0.47892,0.12759,-0.7094879933993978
44,0.46083,0.48525999999999997,0.12883,-0.7227510637426952
45,0.45921,0.48327,0.12851,-0.7087726795484451
46,0.45607,0.4866400000000001,0.12951,-0.7208493568147014
47,0.45624,0.48301000000000005,0.12796,-0.7113301211092347
48,0.45807,0.48477000000000003,0.12864,-0.7204043320555696
49,0.46002,0.48044,0.12821,-0.711315614973262
50,0.4591,0.49013999999999996,0.13009,-0.730587800667194
51,0.45531,0.4891,0.1319,-0.7240249706627782
52,0.45419,0.48469000000000007,0.13173,-0.7141386281839521
53,0.45676,0.48413,0.13034,-0.7153547919166623
54,0.45544,0.48532000000000003,0.12943,-0.7226272152544279
55,0.45769,0.48751000000000005,0.13201,-0.727725641908171
56,0.45429,0.49079,0.13122,-0.7196250762468682
57,0.45233,0.49592,0.1329,-0.7230983454685886
58,0.45078,0.48994999999999994,0.13205,-0.712935500599391
59,0.45107,0.48825999999999997,0.13062,-0.7153437403115981
60,0.45345,0.48815,0.13187,-0.7155082750876949
61,0.45459,0.49240999999999996,0.13182,-0.7229267908730777
62,0.4541,0.49426,0.13221,-0.7166953845620482
63,0.45226,0.49712,0.13293,-0.719598041898247
64,0.45449,0.4892,0.13078,-0.7184792030403242
65,0.45296,0.49582,0.13202,-0.7244363659695487
66,0.45546,0.49096000000000006,0.13194,-0.7283358568238064
67,0.45495,0.49757999999999997,0.13298,-0.7347770812954508
68,0.45326,0.49563999999999997,0.13374,-0.7291166574813999
69,0.45215,0.49938,0.135,-0.7259280267696978
70,0.45164,0.49954000000000004,0.13324,-0.7252418634998447
71,0.45205,0.49520000000000003,0.13458,-0.7263439992825786
72,0.45344,0.5004599999999999,0.13502,-0.730617771055784
73,0.45122,0.50183,0.13469,-0.7272081259150804
74,0.45121,0.49964,0.134,-0.7318104694255714
75,0.4529,0.5021100000000001,0.13538,-0.7297323963656038
76,0.45509,0.50122,0.13589,-0.7373639845758355
77,0.45712,0.50061,0.13431,-0.7362231460369164
78,0.45477,0.50478,0.13619,-0.7355026769257148
79,0.45602,0.50207,0.13554,-0.7337733337613532
80,0.45355,0.5025,0.13617,-0.7379403349690633
81,0.4567,0.50085,0.13459,-0.7219892367496001
82,0.45854,0.49750999999999995,0.13445,-0.7372583062502138
83,0.45795,0.50193,0.13536,-0.731380372300819
84,0.45743,0.50811,0.13618,-0.7354598249482879
85,0.45502,0.5082300000000001,0.13647,-0.7392046539379475
86,0.45475,0.5052300000000001,0.13728,-0.7425218401155382
87,0.45787,0.50268,0.13622,-0.7358561329052311
88,0.4603,0.49943,0.13492,-0.7427160668349868
89,0.46115,0.50343,0.13708,-0.746528759741252
90,0.46087,0.50968,0.1373,-0.7533615491243492
91,0.45891,0.50587,0.13873,-0.7350774516321485
92,0.45581,0.50755,0.13696,-0.7385273559885729
93,0.46273,0.5001,0.13732,-0.7444995707804068
94,0.46252,0.50536,0.13722,-0.7438368870406518
95,0.4624,0.51033,0.13854,-0.7566803570615561
96,0.45881,0.51363,0.13874,-0.7523215566835871
97,0.45618,0.5162200000000001,0.13981,-0.7541129377911986
98,0.45624,0.5114,0.13898,-0.7496409144327976
99,0.45709,0.51271,0.13869,-0.7482564414050885
100,0.4584,0.5107200000000001,0.13904,-0.7489243006376339
101,0.45445,0.51894,0.13933,-0.751893116041908
102,0.45309,0.51853,0.14109,-0.7469545676194341
103,0.45054,0.51993,0.14104,-0.7484810740471071
104,0.45041,0.5155500000000001,0.14098,-0.7309534422320259
105,0.45022,0.5176799999999999,0.14031,-0.7463884062964861
106,0.45092,0.5139900000000001,0.14044,-0.7431177670233216
107,0.45145,0.52015,0.14098,-0.7542356277675933
108,0.44721,0.52376,0.14333,-0.7401269009033509
109,0.44617,0.52494,0.14469,-0.7508052683735246
110,0.44408,0.52095,0.14299,-0.7377163949502834
111,0.44506,0.52444,0.14494,-0.7505904549328697
112,0.44301,0.5265299999999999,0.14364,-0.7497077942260031
113,0.44376,0.5269300000000001,0.14306,-0.7410594267515924
114,0.44364,0.5236700000000001,0.14401,-0.7498444186513918
115,0.44398,0.5273000000000001,0.14422,-0.7449406049344134
116,0.4424,0.53003,0.14448,-0.7532339115546588
117,0.44532,0.52515,0.14543,-0.7445663855421687
118,0.44348,0.52888,0.14543,-0.7537031704482289
119,0.44361,0.53067,0.14691,-0.7512261204168601
120,0.44144,0.5319100000000001,0.14523,-0.7474679643645804
121,0.44607,0.5246,0.14431,-0.7475674145120934
122,0.44832,0.52393,0.14392,-0.7463239176346357
123,0.4494,0.52388,0.14356,-0.7526638467943381
124,0.45084,0.53132,0.14637,-0.7653039472656088
125,0.44741,0.5315500000000001,0.14615,-0.7427101253049087
126,0.44689,0.53634,0.14762,-0.7581109603648314
127,0.44918,0.52542,0.14452,-0.7546494516584809
128,0.45193,0.5240800000000001,0.14517,-0.7480003793409005
129,0.45182,0.52887,0.14407,-0.7632364949928468
130,0.45178,0.5320100000000001,0.14585,-0.7621647200962536
131,0.44948,0.53388,0.14675,-0.7643760494754501
132,0.44742,0.53667,0.14671,-0.766665976845152
133,0.44841,0.52949,0.14528,-0.7596685571239598
134,0.45023,0.52754,0.14624,-0.7588633597089739
135,0.45332,0.5278799999999999,0.14601,-0.7624813102917187
136,0.4523,0.53451,0.14782,-0.7617157216353238
137,0.44876,0.5379499999999999,0.14823,-0.7621837218448337
138,0.44901,0.5376,0.14848,-0.7616239440406916
139,0.45258,0.53039,0.14749,-0.7646133260211359
140,0.4543,0.5297000000000001,0.14681,-0.7668901926517705
141,0.45352,0.5331699999999999,0.14815,-0.768504251986832
142,0.45344,0.54074,0.14882,-0.7703611072647124
143,0.45063,0.5402600000000001,0.14881,-0.7740711231869086
144,0.4501,0.53647,0.14856,-0.7626201818424476
145,0.45463,0.53128,0.14724,-0.7609919563010666
146,0.46366,0.53024,0.14759,-0.7669921563023152
147,0.47738,0.5344300000000001,0.14777,-0.7968201029852693
148,0.47577,0.5375099999999999,0.15023,-0.7933104642126956
149,0.47416,0.54255,0.14876,-0.7902876215677128
150,0.47442,0.5393299999999999,0.15022,-0.7932853073688833
151,0.4738,0.5335399999999999,0.14877,-0.7939672794410043
152,0.48138,0.5341900000000002,0.14861,-0.8037930986645503
153,0.48043,0.5392799999999999,0.15003,-0.8005345771554757
154,0.47543,0.54267,0.15194,-0.8029746716819611
155,0.47354,0.5435299999999998,0.15107,-0.8001580563352857
156,0.47154,0.5442199999999999,0.15038,-0.8014031192437607
157,0.47034,0.5453300000000001,0.1506,-0.7924275991260202
158,0.46869,0.5473999999999999,0.15175,-0.8010173126160225
159,0.46792,0.55005,0.15305,-0.8049487537015163
160,0.46637,0.5474600000000001,0.15292,-0.8009050991334405
161,0.46542,0.55179,0.15519,-0.803560267594542
162,0.46514,0.5431800000000001,0.15261,-0.7880238199382142
163,0.46534,0.5412800000000001,0.15238,-0.7847536819741788
164,0.46805,0.5408499999999998,0.15216,-0.7947072175511066
165,0.46649,0.54711,0.15299,-0.7951279787943344
166,0.46566,0.54834,0.15347,-0.7970574820926796
167,0.46199,0.55066,0.15347,-0.793376597978417
168,0.46089,0.54809,0.15215,-0.7935157964652316
169,0.46258,0.5444599999999999,0.15178,-0.7899671877960343
170,0.46275,0.5469299999999999,0.15252,-0.7824479543310514
171,0.46198,0.5540799999999999,0.15434,-0.79370326397296
172,0.45955,0.5566300000000001,0.1555,-0.7932377008973891
173,0.45916,0.55783,0.15585,-0.8022118504686526
174,0.45868,0.54722,0.1549,-0.7702675355527352
175,0.46177,0.5488299999999999,0.15415,-0.7863620391964322
176,0.46404,0.54833,0.15379,-0.7895526415894212
177,0.46106,0.55358,0.15653,-0.7992246445068234
178,0.45978,0.5592199999999998,0.15569,-0.7967705757482457
179,0.4596,0.5564,0.15796,-0.7997652044513458
180,0.45644,0.5559400000000001,0.15493,-0.7977247365642488
181,0.45684,0.55279,0.15415,-0.7858911567005591
182,0.45806,0.5495800000000001,0.15511,-0.7930005870701693
183,0.4577,0.55813,0.1561,-0.8005318455272821
184,0.45591,0.56135,0.15728,-0.7813359986746297
185,0.45366,0.5631200000000001,0.15901,-0.7921545653092399
186,0.45419,0.55702,0.15622,-0.7836767424347726
187,0.45573,0.5565200000000001,0.15603,-0.7882233381137858
188,0.45611,0.5573999999999999,0.15754,-0.7969892069239887
189,0.45449,0.5621099999999999,0.15846,-0.8020521856172285
190,0.45256,0.5612299999999999,0.15842,-0.7970910997192034
191,0.45248,0.5617300000000001,0.15832,-0.7922353615848966
192,0.45045,0.56667,0.15878,-0.7962308661110931
193,0.44961,0.5617099999999999,0.15907,-0.796897583074252
194,0.45002,0.5652499999999999,0.15946,-0.8010175771845518
195,0.44859,0.56894,0.16006,-0.8022154044108747
196,0.44709,0.5713699999999999,0.15996,-0.7938538472487302
197,0.44844,0.5713700000000002,0.16096,-0.7955181878152892
198,0.44777,0.5719099999999999,0.16109,-0.8007039018087855
199,0.44507,0.5688899999999999,0.15926,-0.7992347429305913
200,0.44699,0.5707899999999999,0.16072,-0.7805689412917894
201,0.4474,0.57091,0.16114,-0.7999180815911239
202,0.4451,0.57158,0.16184,-0.8004740204690144
203,0.44488,0.5717700000000001,0.16145,-0.8027893265616253
204,0.44486,0.56761,0.15986,-0.7869507121661721
205,0.44854,0.5646800000000001,0.16141,-0.7837243973719801
206,0.45332,0.56569,0.15962,-0.7954905825242717
207,0.45347,0.5676999999999999,0.16164,-0.8074988871829318
208,0.45269,0.57175,0.16313,-0.7970458786983919
209,0.4512,0.57318,0.16303,-0.7965226035311965
210,0.45136,0.5681799999999999,0.16213,-0.8052286241886679
211,0.45422,0.5678799999999999,0.16134,-0.8061861206738911
212,0.45557,0.56796,0.16079,-0.7879979702543527
213,0.45395,0.5727599999999999,0.1623,-0.8100401695773223
214,0.45393,0.57348,0.16294,-0.8023593780734741
215,0.45259,0.57559,0.16219,-0.8004901914772135
216,0.45318,0.5710700000000001,0.16231,-0.808438356245885
217,0.46332,0.56995,0.16141,-0.817300776352651
218,0.47644,0.5702,0.16171,-0.828409135841534
219,0.47847,0.5729900000000001,0.16335,-0.8205671874220115
220,0.4737,0.5769,0.16388,-0.8265780771721447
221,0.47206,0.57833,0.16386,-0.8311002521087824
222,0.47056,0.5731100000000001,0.16286,-0.8219387334401626
223,0.47685,0.57345,0.16275,-0.8346986059201085
224,0.48113,0.5714599999999999,0.16194,-0.8416985728474765
225,0.48467,0.57847,0.16448,-0.8349973258756991
226,0.48437,0.5764500000000001,0.16441,-0.8516460417068189
227,0.48064,0.58158,0.16632,-0.8441638054167023
228,0.47903,0.57684,0.16356,-0.8254427532041567
229,0.48387,0.5752599999999999,0.16505,-0.8469502067191422
230,0.48759,0.5719000000000001,0.16481,-0.8500398842430741
231,0.49235,0.5777399999999999,0.16527,-0.8496208009011108
232,0.48821,0.58324,0.16578,-0.8640247805976322
233,0.48601,0.58483,0.16537,-0.8637876280195458
234,0.48464,0.5851200000000001,0.16709,-0.8426777820267687
235,0.48481,0.5813900000000001,0.1651,-0.8478565700554471
236,0.48908,0.58093,0.16528,-0.8546327834747668
237,0.48782,0.5844900000000002,0.16625,-0.862851843052889
238,0.48846,0.58373,0.16732,-0.8647746855633289
239,0.48503,0.5870599999999999,0.16767,-0.8611207737442677
240,0.48317,0.58757,0.16747,-0.8639346809000138
241,0.48265,0.5853900000000001,0.16768,-0.850179534883721
242,0.48102,0.58545,0.16766,-0.8575059589697951
243,0.48298,0.5863499999999999,0.169,-0.8609026399617987
244,0.47952,0.59141,0.16907,-0.8590367758058013
245,0.48182,0.5896199999999999,0.16967,-0.8597913734694193
246,0.47919,0.5865499999999999,0.16823,-0.857086480264173
247,0.48601,0.58413,0.16635,-0.8441726727827796
248,0.48943,0.5851299999999999,0.16703,-0.8655519339942122
249,0.4909,0.5852,0.16724,-0.8695141584120549
250,0.49093,0.59217,0.16963,-0.8618337949946464
251,0.48831,0.5945,0.16952,-0.8739328537685855
252,0.48608,0.5928899999999999,0.16996,-0.8608601571928206
253,0.48814,0.5882399999999999,0.16862,-0.8486442383083809
254,0.49138,0.58725,0.16868,-0.8605986645879047
255,0.49134,0.58716,0.16954,-0.8655218736785454
256,0.49453,0.5901299999999999,0.17071,-0.86896817273103
257,0.49283,0.59712,0.17029,-0.8738604180998242
258,0.49371,0.59322,0.17099,-0.8746216735996092
259,0.49311,0.5948200000000001,0.16986,-0.872856963408936
260,0.50017,0.58908,0.16868,-0.8831507102951098
261,0.50179,0.5887500000000001,0.16886,-0.8692613244952195
262,0.49978,0.59837,0.17145,-0.8921408380490433
263,0.49792,0.5968200000000001,0.17111,-0.8768914126012397
264,0.49746,0.5976600000000001,0.17235,-0.8798657755722991
265,0.497,0.5940500000000001,0.17194,-0.8653232513802886
266,0.50374,0.58973,0.17211,-0.8787513392477364
267,0.50009,0.5982199999999999,0.17082,-0.8889110945258794
268,0.50305,0.59386,0.17186,-0.8869731081919578
269,0.50237,0.5968800000000001,0.17118,-0.895104177275859
270,0.49907,0.59929,0.17243,-0.8723437028959167
271,0.49801,0.5998999999999999,0.17136,-0.8915477430132521
272,0.50092,0.59893,0.17289,-0.8784804245318893
273,0.4988,0.5961299999999999,0.17196,-0.887997750759419
274,0.4985,0.59832,0.17286,-0.8832999145525751
275,0.49771,0.59889,0.17321,-0.890789223487959
276,0.49785,0.60112,0.17404,-0.8918423636555303
277,0.49824,0.60595,0.17385,-0.897471519348511
278,0.49944,0.6042299999999999,0.17347,-0.8793586165119032
279,0.50042,0.59878,0.1742,-0.8828927988380098
280,0.50178,0.6002299999999999,0.17489,-0.8769525817049331
281,0.50152,0.60673,0.17463,-0.9037366008462623
282,0.50112,0.60348,0.17505,-0.8944425398162212
283,0.49829,0.60672,0.17578,-0.889859145546542
284,0.50034,0.60368,0.17525,-0.8981400453672748
285,0.50108,0.6066100000000001,0.17495,-0.8950701751768755
286,0.50557,0.60218,0.1736,-0.8935870161393189
287,0.50307,0.6114099999999999,0.17526,-0.8990386360978242
288,0.50404,0.6067899999999999,0.17621,-0.9063038267819667
289,0.50255,0.61358,0.17778,-0.9127876292279657
290,0.50478,0.60259,0.1751,-0.9019027266886314
291,0.50515,0.6023400000000001,0.17473,-0.896806059687153
292,0.50554,0.60308,0.17474,-0.8840180544571574
293,0.50695,0.6083099999999999,0.1771,-0.9017089710675685
294,0.50656,0.6079800000000001,0.1778,-0.8870357052307328
295,0.50545,0.61018,0.17737,-0.9015418390350451
296,0.50757,0.6043600000000001,0.17576,-0.9045165032508782
297,0.50765,0.60719,0.1766,-0.911636314947568
298,0.51054,0.60772,0.17722,-0.8941124520381054
299,0.51311,0.6077300000000001,0.17754,-0.9145893976975367
300,0.51202,0.6134799999999999,0.17815,-0.9236463014020062
301,0.51366,0.61479,0.17735,-0.9253552083257337
302,0.51242,0.6078100000000001,0.17674,-0.9182929004934817
303,0.51273,0.60613,0.17763,-0.9072515886251553
304,0.51437,0.61012,0.17728,-0.9210210157587204
305,0.51513,0.6117100000000001,0.17798,-0.9142240582387939
306,0.51826,0.61722,0.17937,-0.9250068055136036
307,0.51664,0.61921,0.17899,-0.9342345192782637
308,0.51795,0.62072,0.17912,-0.9274526144492395
309,0.51974,0.61037,0.17942,-0.9284080764339541
310,0.51973,0.6096900000000001,0.17786,-0.9172210482783025
311,0.52121,0.6149900000000001,0.17731,-0.9196219072925894
312,0.52728,0.61341,0.17934,-0.9323505716626195
313,0.52818,0.6135100000000001,0.17915,-0.9425589984792527
314,0.52755,0.6169200000000001,0.18086,-0.9367674825705202
315,0.52761,0.61454,0.178,-0.9416728455754771
316,0.52732,0.61696,0.17861,-0.9226337112866947
317,0.52819,0.6184,0.17898,-0.9472968625174176
