,R0_25c02,R1_R2_25c02,im_max_25c02,slope_25c02
0,0.27315,1.12397,0.27194,-1.227235303268063
1,0.27629,1.1449500000000001,0.27337,-1.2543854754845507
2,0.27867,1.14814,0.27413,-1.2611650812426565
3,0.27869,1.1478000000000002,0.27572,-1.2607210718392545
4,0.27973,1.15371,0.27664,-1.2679991090771134
5,0.27814,1.1542599999999998,0.27814,-1.2679302792972984
6,0.27829,1.15554,0.27702,-1.2720176828983667
7,0.27997,1.1502,0.27544,-1.26660824869497
8,0.27835,1.15179,0.27467,-1.2605120256069573
9,0.27898,1.15104,0.27568,-1.2670594736842107
10,0.27812,1.15294,0.27494,-1.265094143469851
11,0.27914,1.15252,0.27515,-1.2695335307889017
12,0.28019,1.16157,0.27596,-1.2691701601962764
13,0.2785,1.15518,0.27507,-1.2653061704754163
14,0.27841,1.1539,0.27554,-1.269251603313084
15,0.27956,1.15767,0.27453,-1.2698506071104214
16,0.27968,1.15521,0.27296,-1.2666906830551634
17,0.27955,1.1472200000000001,0.27206,-1.259379695355379
18,0.27905,1.151,0.2729,-1.2649037955538485
19,0.27844,1.15219,0.27407,-1.2686733025853452
20,0.27835,1.15463,0.27217,-1.264751307340417
21,0.27852,1.15786,0.27222,-1.2715808284814585
22,0.2789,1.1596300000000002,0.27298,-1.270601625708771
23,0.27973,1.15543,0.273,-1.2614486845453892
24,0.279,1.1548500000000002,0.27155,-1.2672878240216054
25,0.2785,1.14951,0.27173,-1.2624410710913017
26,0.28009,1.14923,0.27067,-1.2550596503416098
27,0.27851,1.13948,0.26895,-1.2516503536649422
28,0.27949,1.14453,0.27032,-1.261243986145187
29,0.27772,1.15509,0.2718,-1.260406527985633
30,0.2785,1.14694,0.2709,-1.2627770348875473
31,0.28009,1.15127,0.271,-1.2630714640234417
32,0.27843,1.14143,0.26936,-1.2573147865927174
33,0.27921,1.1439300000000001,0.2692,-1.260412923615944
34,0.28028,1.14907,0.27043,-1.2551315902821467
35,0.2799,1.14032,0.2695,-1.2541473887651273
36,0.28009,1.15118,0.2704,-1.2635460048633098
37,0.27867,1.1429500000000001,0.26926,-1.2588487995017636
38,0.2786,1.14618,0.26689,-1.2511675089570122
39,0.27942,1.13846,0.26666,-1.2483716817107047
40,0.27907,1.13978,0.26594,-1.2442808642800298
41,0.27951,1.14206,0.26596,-1.255951500506395
42,0.27892,1.14412,0.2675,-1.255853169698104
43,0.27977,1.1351499999999999,0.26705,-1.2486145729300366
44,0.28049,1.1408800000000001,0.2673,-1.2533262561242635
45,0.27945,1.13299,0.26577,-1.2481858968258293
46,0.27963,1.13415,0.26724,-1.2497073043646383
47,0.27942,1.13269,0.26574,-1.245106698153143
48,0.27989,1.13105,0.26496,-1.2431146739751335
49,0.27834,1.14032,0.2658,-1.2511270982644904
50,0.28027,1.13423,0.26312,-1.2477145359285997
51,0.27923,1.1326200000000002,0.26358,-1.237275197042532
52,0.27961,1.13259,0.26423,-1.237943292240754
53,0.27867,1.13591,0.26441,-1.2459642409491938
54,0.27907,1.13508,0.26328,-1.2386669464681659
55,0.27954,1.1192199999999999,0.26197,-1.2280435119659374
56,0.28068,1.1230799999999999,0.26326,-1.2395430069794493
57,0.27871,1.13374,0.26442,-1.2436822329695214
58,0.27892,1.13507,0.26415,-1.2380961479579478
59,0.28027,1.1255,0.26428,-1.236210929144222
60,0.27899,1.1327099999999999,0.26386,-1.241904161019164
61,0.27974,1.13097,0.26308,-1.2369839026838736
62,0.28028,1.1324900000000002,0.26321,-1.238304666449114
63,0.27862,1.1343999999999999,0.26496,-1.2450100316070993
64,0.27989,1.13496,0.26383,-1.2394647114589916
65,0.2783,1.135,0.26288,-1.2384656274356975
66,0.27861,1.13273,0.26304,-1.2453825531914893
67,0.27976,1.12089,0.26304,-1.2332206381656319
68,0.27989,1.12987,0.2627,-1.2418235248265268
69,0.279,1.1316799999999998,0.26353,-1.2417067626911946
70,0.28088,1.12325,0.26368,-1.2371878713268358
71,0.27919,1.13242,0.26179,-1.2463383898047327
72,0.27915,1.12265,0.26392,-1.234900099783397
73,0.28127,1.1172900000000001,0.26315,-1.2338836498342758
74,0.27901,1.12132,0.26325,-1.2327733469973605
75,0.28059,1.1270699999999998,0.2611,-1.23155158807859
76,0.28001,1.12038,0.26402,-1.2340242610764558
77,0.27906,1.1281400000000001,0.26298,-1.2388290550070522
78,0.28023,1.11847,0.26247,-1.22956476989898
79,0.28093,1.11611,0.26209,-1.2257082074421903
80,0.27985,1.11988,0.26459,-1.2325801182205527
81,0.28025,1.12481,0.26232,-1.2407337467725434
82,0.27984,1.1215199999999999,0.26081,-1.233393906538424
83,0.2786,1.12103,0.25958,-1.2288368334350213
84,0.27995,1.1239000000000001,0.26301,-1.2359580599600999
85,0.28099,1.11231,0.26054,-1.2230534736687333
86,0.28066,1.11929,0.26043,-1.2259495871732293
87,0.28022,1.1309,0.26251,-1.2353475548250252
88,0.28277,1.13121,0.26379,-1.2385012762747358
89,0.28208,1.1244399999999999,0.26495,-1.2422123816968313
90,0.2823,1.13056,0.26362,-1.2442201747625838
91,0.28217,1.12666,0.26261,-1.2394552957808007
92,0.28047,1.12768,0.26238,-1.231931598065903
93,0.28149,1.12713,0.26394,-1.2423412887779102
94,0.28256,1.10986,0.2619,-1.2249220730696064
95,0.28246,1.1152300000000002,0.26483,-1.2336035935364484
96,0.28276,1.1176499999999998,0.26307,-1.2323321926207071
97,0.28132,1.1215,0.26357,-1.2351028172101945
98,0.28232,1.1229300000000002,0.26403,-1.234000958224433
99,0.28187,1.12615,0.26379,-1.2421591326558539
100,0.28299,1.12656,0.26262,-1.242289217713973
101,0.28236,1.12853,0.26367,-1.2363709591830532
102,0.2819,1.1295199999999999,0.26477,-1.244157522758754
103,0.28226,1.11995,0.26085,-1.2248198403817672
104,0.28269,1.1240199999999998,0.26316,-1.2419676054806832
105,0.28364,1.11829,0.26191,-1.2326112622309195
106,0.28265,1.1098999999999999,0.26247,-1.228115805844688
107,0.28322,1.11668,0.25988,-1.2242506374223887
108,0.28248,1.11655,0.26168,-1.225622750739968
109,0.28404,1.11143,0.26038,-1.227155349258407
110,0.28362,1.12195,0.2637,-1.2360014821000211
111,0.28313,1.1140599999999998,0.2644,-1.229816744928682
112,0.28241,1.12587,0.26306,-1.2407731743416053
113,0.2819,1.12907,0.26703,-1.2468429642282595
114,0.28382,1.12742,0.26389,-1.245581153042887
115,0.28271,1.12186,0.26312,-1.22934068144735
116,0.28457,1.11835,0.26257,-1.2259065364051716
117,0.28358,1.12032,0.26438,-1.2378712773998488
118,0.28271,1.12195,0.26426,-1.237205922183105
119,0.28333,1.12313,0.26393,-1.2367849978642649
120,0.28262,1.1213600000000001,0.26299,-1.2278676814007132
121,0.28318,1.11732,0.26415,-1.23579239801698
122,0.28333,1.11551,0.26204,-1.2264191104762368
123,0.28294,1.11305,0.26027,-1.2249011695298648
124,0.28427,1.11333,0.26127,-1.2268838952588674
125,0.28391,1.11903,0.26286,-1.229037037145507
126,0.28345,1.1182,0.26284,-1.2313703627791956
127,0.28377,1.11618,0.26374,-1.2326837363112304
128,0.28494,1.11203,0.264,-1.2284890136624387
129,0.28389,1.10851,0.25976,-1.2148414529574745
130,0.28385,1.1124800000000001,0.26288,-1.225475022306423
131,0.28357,1.1150000000000002,0.26355,-1.233759850365739
132,0.28346,1.1143399999999999,0.26239,-1.2279997506173443
133,0.28374,1.1124100000000001,0.26347,-1.2270689280888938
134,0.28376,1.11203,0.26422,-1.2292780278571473
135,0.2833,1.1114099999999998,0.26119,-1.2286997056399172
136,0.28317,1.1217700000000002,0.26409,-1.235041580960269
137,0.28457,1.11256,0.26356,-1.228587174094954
138,0.28478,1.12208,0.26426,-1.2378091502735067
139,0.2819,1.11589,0.26201,-1.2294135667235913
140,0.28323,1.1124100000000001,0.26315,-1.2266419389209324
141,0.28353,1.1103999999999998,0.26396,-1.2245570586800048
142,0.28442,1.11172,0.26409,-1.2255748882350785
143,0.28427,1.11159,0.26433,-1.227869589074267
144,0.28502,1.11023,0.26334,-1.2172667493569662
145,0.28383,1.11023,0.26272,-1.2289238359463373
146,0.28232,1.1118299999999999,0.26344,-1.2238340855252283
147,0.28305,1.11085,0.26469,-1.2256150143256062
148,0.28379,1.11112,0.265,-1.2262853720328115
149,0.28497,1.1099400000000001,0.26289,-1.228389998533348
150,0.28405,1.1206800000000001,0.26515,-1.2339840152928694
151,0.28225,1.11992,0.26491,-1.2283405249627104
152,0.28212,1.10746,0.26442,-1.2184559263335535
153,0.28323,1.1160800000000002,0.26358,-1.2279987955627931
154,0.28368,1.11154,0.26327,-1.2283220909607662
155,0.28444,1.11937,0.26502,-1.2334441939577334
156,0.28335,1.11234,0.26415,-1.2260377022558782
157,0.28312,1.10803,0.26321,-1.21348764003949
158,0.28184,1.11144,0.26432,-1.224339650497802
159,0.28458,1.1087099999999999,0.26427,-1.2232073311157852
160,0.28421,1.11245,0.26583,-1.226145281124131
161,0.28454,1.11328,0.26627,-1.2301926921739768
162,0.28358,1.11294,0.26538,-1.223297239590978
163,0.28561,1.1169200000000001,0.26633,-1.232108718836903
164,0.28485,1.10674,0.26404,-1.2269954860776922
165,0.28445,1.1177899999999998,0.26635,-1.2313999279851087
166,0.28376,1.11272,0.26688,-1.2285426064449965
167,0.28411,1.11179,0.26646,-1.2253743772632502
168,0.28432,1.1130499999999999,0.26688,-1.2301032321995382
169,0.28359,1.10963,0.26504,-1.2275388398714768
170,0.28399,1.10908,0.26584,-1.2278576778459913
171,0.28468,1.1089499999999999,0.26827,-1.2262905460168367
172,0.28497,1.1117000000000001,0.26816,-1.2279817713471513
173,0.28458,1.11599,0.26744,-1.2279157659998903
174,0.2845,1.11333,0.26855,-1.2228118621523578
175,0.28446,1.1110900000000001,0.26724,-1.2316103007756078
176,0.28485,1.10487,0.2647,-1.2246277657733673
177,0.28498,1.10439,0.26427,-1.221708964343747
178,0.28533,1.1038000000000001,0.26747,-1.2115471991610165
179,0.28474,1.10738,0.2646,-1.227803208081054
180,0.2836,1.11775,0.26801,-1.233102009408725
181,0.28386,1.10985,0.26985,-1.2263247804399129
182,0.28342,1.10544,0.2661,-1.2241715907624509
183,0.28533,1.1051600000000001,0.26787,-1.222354671564918
184,0.28431,1.10991,0.26722,-1.2294097576588934
185,0.28484,1.10813,0.26746,-1.2273795209032652
186,0.28498,1.10908,0.26663,-1.2225670588091244
187,0.28492,1.11116,0.26697,-1.2257539894283358
188,0.28477,1.10061,0.26543,-1.2075941707913191
189,0.28576,1.09958,0.26493,-1.2205349330252064
190,0.28419,1.1096000000000001,0.26578,-1.222559182625343
191,0.28404,1.10055,0.26541,-1.21430617315709
192,0.28469,1.1101899999999998,0.26657,-1.217492323569956
193,0.28472,1.09647,0.2667,-1.202349276478191
194,0.28358,1.09985,0.26596,-1.2175848950362957
195,0.28591,1.1038999999999999,0.26725,-1.221625622628577
196,0.28437,1.11445,0.26861,-1.2210865757959302
197,0.28599,1.10891,0.26892,-1.2264238240219212
198,0.28555,1.11786,0.2715,-1.2334370897362699
199,0.28545,1.11704,0.27061,-1.2340372101830295
200,0.28649,1.11055,0.26921,-1.2265764326709212
201,0.28619,1.1026,0.26734,-1.2221600440528635
202,0.28565,1.12277,0.2705,-1.2388739975893934
203,0.28518,1.11588,0.27092,-1.2328452074285678
204,0.28471,1.12862,0.27271,-1.2374070911021806
205,0.2867,1.11228,0.27031,-1.2244304641885544
206,0.28555,1.10669,0.27056,-1.2253615172548635
207,0.28569,1.10587,0.26892,-1.2276303598277498
208,0.28799,1.1104,0.27083,-1.2238200353787971
209,0.28464,1.115,0.27202,-1.235784578313253
210,0.28643,1.1122100000000001,0.27088,-1.23472827137253
211,0.28562,1.10949,0.27064,-1.228666834251719
212,0.28514,1.09451,0.26546,-1.2103894559968342
213,0.28515,1.0977999999999999,0.26571,-1.213857644286676
214,0.28622,1.0912700000000002,0.26575,-1.2108068975888764
215,0.28664,1.08787,0.26645,-1.2072567482785004
216,0.28498,1.08999,0.26658,-1.206290029090192
217,0.28711,1.0888,0.26819,-1.2085419037334155
218,0.28583,1.08839,0.26756,-1.2053547924491066
219,0.28634,1.09382,0.26642,-1.2093183903479732
220,0.28488,1.10006,0.26839,-1.2153612696556606
221,0.28629,1.08727,0.26688,-1.1948584523509642
222,0.286,1.0993,0.26798,-1.2143004247748386
223,0.28464,1.09546,0.26792,-1.2052352047386043
224,0.28403,1.0896,0.26669,-1.1944689966637834
225,0.28499,1.09855,0.26765,-1.211928354065038
226,0.28495,1.09254,0.26916,-1.2127226831515898
227,0.28468,1.09309,0.26905,-1.2030572143298333
228,0.28417,1.09288,0.26825,-1.2000254015847236
229,0.28468,1.10067,0.26911,-1.2155884657493803
230,0.28572,1.1088500000000001,0.27337,-1.2300059542086887
231,0.28674,1.10663,0.2724,-1.224168653330319
232,0.28639,1.11385,0.27305,-1.2376467512684237
233,0.28529,1.13368,0.27807,-1.2474298060943483
234,0.28453,1.13762,0.278,-1.2466099227947347
235,0.28619,1.13449,0.2771,-1.2523231484355262
236,0.28602,1.1041400000000001,0.27345,-1.2228113161912906
237,0.28726,1.11131,0.27187,-1.2303338029335804
238,0.28595,1.1167200000000002,0.27572,-1.2387156045604562
239,0.28609,1.12654,0.27774,-1.2451219632571577
240,0.28601,1.1354700000000002,0.27779,-1.2457710653828609
241,0.28653,1.12067,0.27917,-1.2309985304488822
242,0.28665,1.10243,0.2714,-1.221081369670362
243,0.28664,1.0992,0.27104,-1.2212819605673535
244,0.28749,1.11001,0.27219,-1.2275516994830051
245,0.28647,1.12788,0.27702,-1.2460655422566225
246,0.28579,1.12665,0.27715,-1.2431802084081924
247,0.2872,1.1196199999999998,0.2796,-1.2336003234256743
248,0.28642,1.11145,0.27189,-1.2206525780285664
249,0.28785,1.10761,0.27255,-1.2282081840193704
