,R0_45c01,R1_R2_45c01,im_max_45c01,slope_45c01
0,1.56984,0.3008000000000002,0.08262,-1.7626972751335672
1,1.78756,0.3098000000000001,0.08447,-1.999640531288608
2,1.56167,0.31312000000000006,0.0855,-1.7694552282512561
3,1.3826,0.31745,0.08607,-1.5814549784968586
4,1.36835,0.32109999999999994,0.08736,-1.5688245585307903
5,1.425,0.31749000000000005,0.08858,-1.6261805058559682
6,1.43608,0.3260700000000001,0.08785,-1.6496335268923483
7,1.40873,0.32343999999999995,0.08916,-1.6138391038228534
8,1.41037,0.3209000000000002,0.08905,-1.6134944632434778
9,1.42262,0.32350999999999996,0.08837,-1.6301352703656056
10,1.42273,0.3238699999999999,0.08949,-1.6263574573549966
11,1.36997,0.33026,0.09001,-1.5799677684757658
12,1.37159,0.32992,0.08918,-1.5818063230644142
13,1.43304,0.33065999999999995,0.08956,-1.6469780091542616
14,1.38718,0.32733999999999996,0.08931,-1.5962490458618872
15,1.42997,0.3284100000000001,0.09017,-1.6449386419753087
16,1.44149,0.33125000000000004,0.09096,-1.660131186558505
17,1.39821,0.33577999999999997,0.09093,-1.6132066877740912
18,1.44282,0.33246,0.09076,-1.6595546655625246
19,1.40024,0.3319700000000001,0.09133,-1.6161625625707623
20,1.47551,0.33450999999999986,0.09306,-1.6990907346736535
21,1.54845,0.3356899999999998,0.09147,-1.7737159845548636
22,1.5489,0.3398300000000001,0.09264,-1.7801718946635192
23,1.45999,0.3346600000000002,0.09213,-1.6788640471617315
24,1.44597,0.33672000000000013,0.09273,-1.6655449890974954
25,1.38649,0.33772,0.09294,-1.6026551744095103
26,1.40359,0.33891000000000004,0.09273,-1.6249974093264248
27,1.45805,0.34128000000000003,0.09299,-1.6845041474164058
28,1.37511,0.34165999999999985,0.09499,-1.5999082656952737
29,1.36155,0.3400099999999999,0.09565,-1.579868673455864
30,1.4343,0.34412,0.09492,-1.664804042936351
31,1.35274,0.34168,0.09405,-1.5724570971604972
32,1.24327,0.3447699999999998,0.09548,-1.45712145678524
33,1.31159,0.3442700000000001,0.09466,-1.5310390442293504
34,1.28029,0.3431200000000001,0.09607,-1.4996753367901317
35,1.29389,0.34538,0.09497,-1.516071558933488
36,1.242,0.3454600000000001,0.09538,-1.4605834921549685
37,1.20547,0.3463099999999999,0.09571,-1.4194321418531235
38,1.17142,0.34569000000000005,0.09675,-1.3843024123381775
39,1.19041,0.3458000000000001,0.09702,-1.4056326442810958
40,1.27841,0.3471899999999999,0.09601,-1.5014601281294315
41,1.29647,0.34654000000000007,0.09768,-1.516781941315169
42,1.28402,0.34804999999999997,0.09812,-1.5048516976694462
43,1.26476,0.3514299999999999,0.09814,-1.491512532419353
44,1.29806,0.3533600000000001,0.09734,-1.5286882013809164
45,1.35162,0.35180999999999996,0.09852,-1.582289769433221
46,1.24623,0.35289000000000015,0.09858,-1.4695645278326959
47,1.12833,0.35356999999999994,0.09787,-1.3471314933726772
48,1.11866,0.35575,0.09784,-1.3392388208190409
49,1.14897,0.35578,0.10023,-1.3636827118863506
50,1.17056,0.35275999999999996,0.09851,-1.3895925898781007
51,1.22451,0.3555999999999999,0.09819,-1.4491792966284764
52,1.16591,0.36007999999999996,0.09981,-1.394066400748387
53,1.08314,0.3560700000000001,0.09985,-1.2952720971313292
54,1.15275,0.35874000000000006,0.09983,-1.376140620019803
55,1.15678,0.35740000000000016,0.0999,-1.3792356420119214
56,1.1082,0.36058999999999997,0.09993,-1.3282117347956133
57,1.16668,0.35944,0.10206,-1.390493552988261
58,1.07545,0.3629899999999999,0.10181,-1.2971805188270105
59,1.04618,0.36073,0.10227,-1.260418124538734
60,1.0993,0.36232,0.10263,-1.3231150549117165
61,1.05896,0.36099000000000014,0.10143,-1.2782063133588997
62,0.98885,0.36094000000000004,0.10102,-1.1916657521253606
63,0.97107,0.3658,0.10263,-1.188245474893578
64,1.01365,0.36407999999999996,0.10242,-1.2305995387425788
65,0.9188,0.36593,0.10216,-1.1208873914745159
66,0.98743,0.36419,0.10213,-1.2001669930649002
67,1.01919,0.36362000000000005,0.10179,-1.2337308056415202
68,1.05731,0.3676900000000001,0.10342,-1.2794857700288007
69,1.03209,0.36819,0.10315,-1.2571171509256354
70,0.97584,0.36746999999999996,0.10385,-1.189543586731168
71,0.97255,0.36632,0.10369,-1.1795677802629354
72,0.9442,0.37132,0.10509,-1.1585567305738365
73,0.95688,0.37495999999999996,0.10466,-1.1702938561610532
74,0.91345,0.37066999999999994,0.10442,-1.129212397471227
75,0.89146,0.37096000000000007,0.10507,-1.0975321850189852
76,0.885,0.3720300000000001,0.10445,-1.091670704039914
77,0.85387,0.37265000000000004,0.10501,-1.0632444676871828
78,0.84006,0.36998,0.10556,-1.0414817822614544
79,0.84323,0.37895,0.10592,-1.0469299415171516
80,0.79737,0.37551999999999996,0.10495,-0.9985435337332542
81,0.79369,0.3749,0.10456,-0.999081533396049
82,0.7742,0.3692599999999999,0.10553,-0.967511087249125
83,0.75659,0.37516000000000005,0.10568,-0.9585431471315679
84,0.7311,0.37618000000000007,0.10527,-0.9310505858505504
85,0.75845,0.3779100000000001,0.1065,-0.9583300107696131
86,0.71086,0.37686,0.10647,-0.9076932695117024
87,0.70111,0.3765200000000001,0.10632,-0.8825289541558545
88,0.6784,0.37540000000000007,0.10719,-0.862534142703639
89,0.68073,0.37978999999999996,0.10713,-0.876419614819521
90,0.67272,0.38171,0.10709,-0.8633399465274938
91,0.65714,0.38125,0.10939,-0.8417915097957955
92,0.70122,0.38190000000000013,0.10901,-0.9011007886283577
93,0.68815,0.38161,0.10846,-0.8820756926784412
94,0.68332,0.38319000000000003,0.10831,-0.87600052988661
95,0.68951,0.38268,0.11015,-0.875575999199416
96,0.68688,0.38699000000000006,0.11084,-0.8846334918256453
97,0.67326,0.3831800000000001,0.1089,-0.8650372488803584
98,0.6574,0.38799000000000006,0.10993,-0.8525362069634685
99,0.68311,0.3832000000000001,0.11181,-0.8818854803869861
100,0.6851,0.38549999999999995,0.11036,-0.8828735131806447
101,0.6928,0.38976,0.10976,-0.8999916295700645
102,0.66644,0.39198999999999995,0.11022,-0.8664205354202306
103,0.65939,0.3884500000000001,0.11061,-0.8601221496967124
104,0.65799,0.38916000000000006,0.11092,-0.8533994979516427
105,0.63891,0.3911300000000001,0.11076,-0.834517989887356
106,0.64069,0.39287000000000005,0.11092,-0.8413026700825506
107,0.63687,0.39334999999999987,0.11111,-0.839762000243833
108,0.64202,0.39405,0.11267,-0.8428873500012201
109,0.65789,0.3931300000000001,0.11202,-0.8503108649057807
110,0.66235,0.39496,0.11215,-0.8565839493666872
111,0.69344,0.39636000000000016,0.11231,-0.9015233276010988
112,0.66827,0.3969299999999999,0.11234,-0.8723516352824578
113,0.66583,0.39593,0.11258,-0.8715650139275766
114,0.66331,0.3959100000000001,0.11355,-0.8662713791152306
115,0.69369,0.3961199999999999,0.11211,-0.9070841004686471
116,0.6735,0.39673,0.11324,-0.8792388403049243
117,0.67707,0.39554999999999996,0.11496,-0.8813500277430661
118,0.68739,0.40024000000000015,0.11302,-0.8981483791808849
119,0.70976,0.39812000000000003,0.11363,-0.9268672258596218
120,0.69852,0.3972499999999999,0.11535,-0.9077884899845916
121,0.66441,0.3994500000000001,0.11342,-0.8705403626527909
122,0.66781,0.3978900000000001,0.11521,-0.8720074091917892
123,0.68573,0.40279,0.1156,-0.9038829207215024
124,0.71358,0.40398999999999996,0.11501,-0.9283566283703514
125,0.70938,0.40291,0.11496,-0.9251626038704943
126,0.67851,0.40073000000000003,0.11505,-0.882264193548387
127,0.68491,0.40264,0.11521,-0.902955930478262
128,0.68612,0.40422000000000013,0.11548,-0.9027324268502582
129,0.69639,0.40522,0.11619,-0.9157484948853482
130,0.7025,0.4033399999999999,0.11562,-0.9241672882440793
131,0.69733,0.40418,0.11587,-0.9124935247129307
132,0.68515,0.4041799999999999,0.11617,-0.8949444932267014
133,0.70251,0.41111999999999993,0.11627,-0.9312921478645424
134,0.71374,0.40779999999999994,0.11743,-0.940923524604939
135,0.71232,0.40749,0.11708,-0.9256940036708659
136,0.69141,0.40803,0.11679,-0.9143193596693475
137,0.66352,0.40586,0.11571,-0.8810442981085558
138,0.66725,0.4071600000000001,0.11647,-0.8874208619207629
139,0.65186,0.4093000000000001,0.11832,-0.8704657104661557
140,0.64369,0.4115000000000001,0.11813,-0.8592463191418036
141,0.65395,0.41064999999999996,0.11722,-0.8760725154000079
142,0.67028,0.41108999999999996,0.11717,-0.8908766928180163
143,0.69112,0.4078600000000001,0.11676,-0.9037580201820861
144,0.70388,0.4112000000000001,0.11828,-0.9190596298974645
145,0.70635,0.41445,0.11915,-0.9374890738530793
146,0.73138,0.4169999999999999,0.11749,-0.9549732110391055
147,0.7355,0.4133,0.11862,-0.9645587232091352
148,0.73735,0.41507000000000005,0.11875,-0.9741967433690497
149,0.7488,0.41441000000000006,0.11977,-0.9861842945976325
150,0.73912,0.41816999999999993,0.11978,-0.9733086705342746
151,0.73772,0.4170599999999999,0.1208,-0.9676156051218504
152,0.75016,0.41581999999999997,0.11974,-0.989818222480395
153,0.74768,0.4186599999999999,0.11953,-0.9751878069569391
154,0.75818,0.41555,0.11968,-0.9937838192051874
155,0.77253,0.42101,0.12026,-1.014114351186596
156,0.77856,0.4188200000000001,0.12068,-1.0112416265946658
157,0.77518,0.4180900000000001,0.12201,-1.019896932070952
158,0.75557,0.41899999999999993,0.12056,-0.9981185739105254
159,0.75431,0.41866000000000003,0.11917,-0.990675837073185
160,0.73447,0.4185700000000001,0.12082,-0.962085634568777
161,0.73882,0.42379999999999995,0.12164,-0.984167098641793
162,0.73689,0.42247999999999997,0.12315,-0.9810642662126018
163,0.73737,0.42729000000000006,0.12132,-0.9859625809676275
164,0.73557,0.42222000000000015,0.12175,-0.9730952526380766
165,0.74221,0.41984,0.12215,-0.9782318501068157
166,0.7557,0.42474999999999996,0.12099,-0.998379479116971
167,0.75044,0.42284999999999995,0.12288,-0.9905641105716977
168,0.7483,0.42859,0.12339,-0.9939374707607633
169,0.74992,0.4259099999999999,0.12268,-0.9954264122308991
170,0.74399,0.42579,0.12173,-0.9827604263412315
171,0.73728,0.42594999999999994,0.12205,-0.9842704909399527
172,0.72589,0.4303499999999999,0.12234,-0.9759171804254881
173,0.7201,0.42686,0.12323,-0.9597224031695346
174,0.71345,0.4309599999999999,0.12433,-0.9604698126404639
175,0.70998,0.42991,0.12394,-0.9444193419704776
176,0.71153,0.42562999999999995,0.12147,-0.9548760507478751
177,0.71273,0.4264800000000001,0.12336,-0.9533265255014117
178,0.7144,0.43323999999999996,0.12476,-0.9593254298267675
179,0.71364,0.42962999999999996,0.12405,-0.9600710056940028
180,0.71126,0.43463000000000007,0.12623,-0.9578220075547162
181,0.71237,0.43301999999999996,0.1252,-0.9570754731757192
182,0.71342,0.43448999999999993,0.12475,-0.9596254502215417
183,0.71604,0.43460999999999994,0.12548,-0.9628306074818043
184,0.71998,0.43625000000000014,0.12719,-0.9692249313156542
185,0.72537,0.43302000000000007,0.12641,-0.9690640955243577
186,0.7266,0.43705000000000005,0.12618,-0.9842733830232846
187,0.73015,0.43804999999999994,0.12576,-0.9822362884436159
188,0.73119,0.43936,0.12623,-0.985076560569726
189,0.73606,0.43899999999999995,0.12712,-0.9951228544594155
190,0.73784,0.44109,0.12859,-0.9977690112982123
191,0.74126,0.44103000000000003,0.12561,-0.99506339069425
192,0.74733,0.43347999999999987,0.12615,-0.9969423294415731
193,0.75117,0.4367199999999999,0.12629,-1.009096721519796
194,0.75502,0.43646000000000007,0.12738,-1.0153897381097865
195,0.75651,0.44033999999999995,0.12655,-1.0209318237271785
196,0.75909,0.44070999999999994,0.12804,-1.0182726734968113
197,0.75845,0.44087,0.12653,-1.0202083890919313
198,0.75789,0.43881000000000014,0.12653,-1.0171342746416665
199,0.75301,0.44225000000000003,0.12669,-1.0163599037673308
200,0.75279,0.44179,0.12722,-1.0110303214848964
201,0.75101,0.4437,0.12856,-1.0171488161639157
202,0.75043,0.44240999999999986,0.12694,-1.016287600530771
203,0.7477,0.4440899999999999,0.12875,-1.0118484699180135
204,0.74924,0.44231999999999994,0.12856,-1.007845671383524
205,0.75114,0.43945,0.12877,-1.0061163533780888
206,0.75321,0.44430999999999987,0.12935,-1.0127538987401339
207,0.75211,0.44687,0.12799,-1.0209905254270677
208,0.75366,0.44714999999999994,0.12948,-1.0171511689510688
209,0.7523,0.4462900000000001,0.129,-1.0141892029604327
210,0.75141,0.4445800000000001,0.12855,-1.011137716589271
211,0.74869,0.4432900000000001,0.12934,-1.0113754677893898
212,0.74904,0.4477699999999999,0.12951,-1.0147290339897759
213,0.74552,0.45104999999999995,0.13027,-1.0022471672632374
214,0.74559,0.45414,0.12998,-1.0204895613424216
215,0.74647,0.44935000000000014,0.13,-1.0187892470837752
216,0.74907,0.44433,0.12992,-1.0155252024505317
217,0.74848,0.4498199999999999,0.13027,-1.0189798203605558
218,0.75143,0.45364000000000004,0.13078,-1.0228321732014716
219,0.75128,0.45526,0.13143,-1.0288570014286915
220,0.75113,0.45072999999999996,0.13135,-1.0151376848728777
221,0.75042,0.4528900000000001,0.12999,-1.0256264698991582
222,0.75052,0.45119999999999993,0.13166,-1.0183884391506255
223,0.74967,0.45307,0.13145,-1.020072417173742
224,0.74949,0.45238,0.13211,-1.0166058881958555
225,0.75004,0.45594,0.13289,-1.0284939715602683
226,0.74886,0.4592600000000001,0.1333,-1.0288798542286266
227,0.74886,0.45533999999999997,0.13194,-1.0188579159535496
228,0.7499,0.45633999999999997,0.13277,-1.0256575853648209
229,0.75023,0.45792999999999995,0.13255,-1.026062192623529
230,0.7498,0.45916,0.13276,-1.013730336569081
231,0.75016,0.46075999999999995,0.13422,-1.0238468241114658
232,0.75204,0.45693000000000006,0.1338,-1.0141508943948812
233,0.75007,0.4583299999999999,0.13247,-1.0240598228067577
234,0.75278,0.45846999999999993,0.13308,-1.0341604070880557
235,0.75399,0.45951,0.13404,-1.0359685800561995
236,0.75337,0.4609900000000001,0.13356,-1.0301313884992989
237,0.75191,0.4659000000000001,0.13416,-1.0273703908866927
238,0.75323,0.4599400000000001,0.13377,-1.0279902772744514
239,0.75468,0.46068,0.13343,-1.038562416075551
240,0.75687,0.4600399999999999,0.13454,-1.0258932424197749
241,0.75518,0.46411,0.13499,-1.0351221111809483
242,0.75836,0.4632299999999999,0.13459,-1.0368470897841466
243,0.75817,0.46524999999999994,0.13457,-1.0453923637166798
244,0.75835,0.46162000000000003,0.13574,-1.0353949004957754
245,0.75896,0.46238999999999997,0.13491,-1.0402999515480231
246,0.75904,0.4628899999999999,0.13544,-1.0378144262409272
247,0.75835,0.46528,0.13566,-1.045238904420566
248,0.75504,0.46858999999999995,0.1362,-1.0390356200281419
249,0.75487,0.46711999999999987,0.13631,-1.0429776968198998
250,0.75184,0.4668200000000001,0.13579,-1.0249282450453983
251,0.75132,0.46703000000000006,0.13548,-1.036589604361523
252,0.749,0.4692900000000001,0.13682,-1.0377969045793354
253,0.74761,0.4686800000000001,0.13656,-1.029244677533416
254,0.74671,0.46907999999999994,0.13745,-1.0295340791452978
255,0.74521,0.4688899999999999,0.1375,-1.0306787427226296
256,0.74326,0.4694499999999999,0.13667,-1.034408783597375
257,0.74301,0.46833000000000014,0.13749,-1.0251443310457105
258,0.74667,0.4664300000000001,0.13797,-1.0261828679731786
259,0.74846,0.4716299999999999,0.13577,-1.0407276163256287
260,0.75018,0.46868999999999994,0.13822,-1.0237874368367332
261,0.75029,0.4688199999999999,0.13699,-1.038339858315106
262,0.75042,0.46892999999999996,0.13719,-1.0337536972654477
263,0.75381,0.46936999999999995,0.13752,-1.0394772956057938
264,0.75643,0.47589000000000004,0.13832,-1.055842125964205
265,0.75978,0.47624999999999995,0.13756,-1.0593212777378875
266,0.76228,0.47356999999999994,0.13787,-1.0588542918454935
267,0.76394,0.47218000000000016,0.13921,-1.051713051972241
268,0.76454,0.47316,0.13875,-1.060533483249449
269,0.76676,0.47396000000000005,0.13746,-1.0569913961641575
270,0.76737,0.47709999999999997,0.14067,-1.0653904334026485
271,0.768,0.48100999999999994,0.14082,-1.0690970948605942
272,0.77036,0.47864000000000007,0.1413,-1.0737708913176296
273,0.77206,0.47299,0.139,-1.064208913693838
274,0.77061,0.4739899999999999,0.13985,-1.0682253351800932
275,0.76639,0.47736999999999996,0.13801,-1.067750067806322
276,0.76846,0.4793599999999999,0.13978,-1.0638548419370715
277,0.7659,0.48224,0.14096,-1.06404150021901
278,0.76675,0.47685,0.14051,-1.0489750958868773
279,0.76244,0.47922,0.13924,-1.0511441586611248
280,0.76268,0.47926,0.1421,-1.0545048264540016
281,0.76191,0.4799399999999999,0.14082,-1.0653397454585083
282,0.7609,0.48169000000000006,0.14157,-1.0569725223654127
283,0.76021,0.48205999999999993,0.14169,-1.0647421556415981
284,0.76124,0.48197999999999996,0.14167,-1.0584628528031863
285,0.76182,0.4789199999999999,0.1412,-1.0559403128709337
286,0.75958,0.48616000000000004,0.14113,-1.0694080202632044
287,0.76027,0.4858499999999999,0.14134,-1.0691856697009101
288,0.76276,0.48361,0.14225,-1.0599771623838163
289,0.76261,0.48649999999999993,0.14145,-1.0718441450903102
290,0.76347,0.4875299999999999,0.1417,-1.067584339366114
291,0.76419,0.48644999999999994,0.14304,-1.0636839750250353
292,0.76716,0.48273,0.1415,-1.0719884480624584
293,0.76925,0.48905,0.14181,-1.0772039459033755
294,0.77228,0.48935000000000006,0.14372,-1.0765814707976966
295,0.77439,0.49007999999999996,0.14293,-1.0871119168302936
296,0.77434,0.48794000000000004,0.14242,-1.0831758247516663
297,0.77357,0.49222,0.14359,-1.0837016172874532
298,0.77241,0.48848,0.14266,-1.0792371722608392
