,R0_25c03,R1_R2_25c03,im_max_25c03,slope_25c03
0,0.26859,1.2701699999999998,0.28509,-1.3817271241911822
1,0.27616,1.27877,0.2887,-1.3998123974034058
2,0.27946,1.29766,0.2905,-1.4115876228690505
3,0.278,1.30439,0.29335,-1.4250368967037812
4,0.2812,1.3096100000000002,0.29555,-1.4351328064017201
5,0.28002,1.31848,0.29762,-1.4422964014324395
6,0.28195,1.3162900000000002,0.29594,-1.4423727743677477
7,0.28152,1.30722,0.29782,-1.4350486040793182
8,0.28223,1.3162,0.29553,-1.4381139793253417
9,0.28094,1.30924,0.29591,-1.4284223843962305
10,0.2817,1.31277,0.29758,-1.4414150797194916
11,0.28229,1.31665,0.29847,-1.4368081291179047
12,0.28029,1.3132300000000001,0.29817,-1.4393395015674493
13,0.28198,1.30871,0.2992,-1.4337149025033225
14,0.28147,1.30098,0.29467,-1.4194997708820356
15,0.28271,1.31938,0.29717,-1.435493067961376
16,0.28318,1.3113,0.29926,-1.428490538323646
17,0.28224,1.31772,0.29718,-1.440807362605662
18,0.28316,1.2988499999999998,0.29667,-1.424035930335434
19,0.28134,1.3085900000000001,0.29616,-1.428377026657553
20,0.28217,1.30532,0.29869,-1.4288581350457754
21,0.28062,1.29706,0.29668,-1.4227504993590967
22,0.28255,1.29707,0.29679,-1.4170065599210375
23,0.28078,1.30885,0.29858,-1.4220220012211877
24,0.28178,1.31091,0.29826,-1.437959721087285
25,0.28058,1.29487,0.29706,-1.4081313071207837
26,0.2809,1.3035400000000001,0.29584,-1.4257528790581522
27,0.28194,1.29093,0.29604,-1.4144468208866736
28,0.28284,1.2936,0.2972,-1.4207845193579054
29,0.28237,1.3074999999999999,0.2987,-1.422080922376421
30,0.28105,1.29555,0.29884,-1.4136772960107054
31,0.28104,1.30226,0.29579,-1.428325920873124
32,0.28116,1.30006,0.29817,-1.4226395031191859
33,0.2814,1.3008199999999999,0.29769,-1.4228528974837928
34,0.28079,1.3011,0.29873,-1.4244477500326271
35,0.28131,1.3032700000000002,0.29816,-1.4227312402224832
36,0.28019,1.30158,0.30076,-1.4219227252040345
37,0.28013,1.2983,0.29744,-1.4202353326885455
38,0.28109,1.29242,0.29878,-1.4140567595872393
39,0.28103,1.2929499999999998,0.29654,-1.4115194408621097
40,0.28233,1.29647,0.29843,-1.4106620575860078
41,0.28261,1.29389,0.29923,-1.4109640581951235
42,0.28358,1.29526,0.29896,-1.4234943791347907
43,0.28224,1.29676,0.29964,-1.4176815477006608
44,0.28131,1.29749,0.30003,-1.4171166498201224
45,0.28268,1.29456,0.29885,-1.4106033530371753
46,0.28313,1.3006600000000001,0.30287,-1.4258053527743406
47,0.28294,1.30195,0.30121,-1.42368439788146
48,0.28282,1.30103,0.30302,-1.4258083165196147
49,0.28378,1.2978800000000001,0.30107,-1.4155670989215383
50,0.28258,1.29999,0.3024,-1.4200182887272168
51,0.28318,1.29857,0.30154,-1.4203986944263836
52,0.28404,1.3007799999999998,0.3039,-1.4309155723659828
53,0.28366,1.30632,0.30414,-1.4263247795297282
54,0.28447,1.30182,0.30347,-1.4212588165459246
55,0.28258,1.30185,0.30434,-1.4256599985781628
56,0.28274,1.30025,0.30321,-1.4223547359622382
57,0.28383,1.30024,0.30374,-1.4265253827653122
58,0.28438,1.29737,0.3021,-1.4240661636427077
59,0.28387,1.30103,0.3032,-1.4279498399634203
60,0.28351,1.29891,0.30344,-1.4227172070546088
61,0.28294,1.2959100000000001,0.30395,-1.4167984815558703
62,0.28145,1.29361,0.3024,-1.4150116347879371
63,0.28283,1.28811,0.30282,-1.411363716215844
64,0.28294,1.29182,0.30694,-1.4190024674590942
65,0.2836,1.30491,0.30281,-1.4310282641410386
66,0.29112,1.3028899999999999,0.30811,-1.4407026534130645
67,0.28934,1.29975,0.30345,-1.428878521935687
68,0.28896,1.2948300000000001,0.30339,-1.4253279927964395
69,0.29124,1.2913400000000002,0.30495,-1.4226980263373588
70,0.29036,1.29302,0.30571,-1.4171440951820105
71,0.29045,1.2946900000000001,0.30657,-1.4191032697233537
72,0.29058,1.30104,0.30775,-1.4291963054286445
73,0.29077,1.29616,0.30504,-1.432568490423319
74,0.28934,1.29766,0.30572,-1.4310631725397274
75,0.2898,1.29991,0.30992,-1.4331178802601334
76,0.29072,1.2955900000000002,0.3073,-1.4276482292941657
77,0.29013,1.30066,0.30557,-1.4342462369100384
78,0.2909,1.3021200000000002,0.30631,-1.428240241344091
79,0.29189,1.29868,0.31054,-1.436578976884793
80,0.28901,1.31204,0.30997,-1.4457401237985141
81,0.28993,1.30075,0.31143,-1.4342644726509393
82,0.28923,1.3074,0.30585,-1.4407073087673885
83,0.29039,1.31651,0.30899,-1.4547626598369248
84,0.29069,1.29778,0.30757,-1.4229103564180205
85,0.28896,1.2947000000000002,0.30759,-1.4241842858076748
86,0.28921,1.29424,0.30918,-1.4252686291932088
87,0.29066,1.28857,0.3086,-1.426239387961448
88,0.2902,1.29149,0.31004,-1.424770182831929
89,0.29052,1.3101099999999999,0.31529,-1.4442535337342433
90,0.29004,1.3183699999999998,0.30959,-1.453813539059128
91,0.29321,1.30614,0.31372,-1.44180135703209
92,0.2918,1.31663,0.30893,-1.4500051751536789
93,0.29081,1.30232,0.30843,-1.4365772235551648
94,0.29175,1.29902,0.31114,-1.4264884114354195
95,0.29065,1.3183799999999999,0.31059,-1.455259081802646
96,0.2916,1.30779,0.31226,-1.4424981335593403
97,0.29131,1.30871,0.31806,-1.4427702768100679
98,0.29183,1.30545,0.31158,-1.4397909064469219
99,0.29352,1.31404,0.31823,-1.4562352003105759
100,0.29235,1.31765,0.31154,-1.4540400520547652
101,0.2921,1.30878,0.3157,-1.4445422748050551
102,0.29178,1.32165,0.31448,-1.4631648167217683
103,0.292,1.31357,0.31738,-1.4498994036694781
104,0.29216,1.3078,0.31843,-1.443876086937735
105,0.29194,1.30557,0.31896,-1.4465052049997307
106,0.29188,1.30773,0.31634,-1.4433058832129388
107,0.29278,1.3088,0.3185,-1.4465609265482997
108,0.29208,1.3194599999999999,0.31329,-1.4592500624625653
109,0.29166,1.3078699999999999,0.31435,-1.4367908473985027
110,0.29153,1.30775,0.31602,-1.4375322511892823
111,0.29152,1.3176,0.31459,-1.4558195764883604
112,0.29057,1.31634,0.31768,-1.4572627085762178
113,0.29089,1.30917,0.31565,-1.444439736479504
114,0.29162,1.30982,0.31982,-1.4390760524077642
115,0.29175,1.30834,0.31923,-1.4376221032256675
116,0.29084,1.30727,0.31814,-1.4419329317695504
117,0.29258,1.3036999999999999,0.31646,-1.433651338934611
118,0.29145,1.31508,0.31798,-1.456336529170893
119,0.29084,1.3171,0.31305,-1.4526869895090584
120,0.29262,1.3160699999999999,0.31952,-1.4588467566119134
121,0.2926,1.30328,0.3164,-1.4349026625094583
122,0.29255,1.31025,0.31743,-1.4489904401509337
123,0.29254,1.29966,0.31818,-1.4363536700220332
124,0.29069,1.31387,0.32076,-1.4555201173745504
125,0.29126,1.30715,0.31745,-1.4364863669469288
126,0.29136,1.3101699999999998,0.31978,-1.439612228471943
127,0.29241,1.30749,0.32051,-1.4449327138225982
128,0.29096,1.31994,0.32155,-1.4574628990285927
129,0.29312,1.31744,0.32055,-1.4615883967078453
130,0.29177,1.3167499999999999,0.32058,-1.4556298421591336
131,0.29232,1.3074,0.32021,-1.4460567657660566
132,0.29248,1.3214599999999999,0.3243,-1.46560997788357
133,0.29217,1.32339,0.31687,-1.4627634129656295
134,0.29158,1.3134700000000001,0.32552,-1.4534832443365262
135,0.29161,1.32267,0.31577,-1.4599656925500113
136,0.29268,1.3202,0.32183,-1.4643495983845638
137,0.29202,1.3238,0.3196,-1.4638757236091853
138,0.29301,1.3239,0.32493,-1.4691250105323939
139,0.2917,1.32673,0.32357,-1.470122930153322
140,0.2922,1.32283,0.32214,-1.4630659315456889
141,0.29294,1.3243800000000001,0.32115,-1.4628749423168634
142,0.29167,1.31345,0.32587,-1.4477627588579292
143,0.29312,1.32488,0.32164,-1.4582417040884899
144,0.29282,1.3270499999999998,0.32751,-1.4647868871737344
145,0.29318,1.32903,0.3286,-1.4679954816592389
146,0.29282,1.32808,0.32477,-1.4729962629871682
147,0.29238,1.3303099999999999,0.32453,-1.4716902665955744
148,0.29129,1.32659,0.3196,-1.466265220134178
149,0.292,1.32556,0.32064,-1.4658168052207656
150,0.29187,1.31843,0.32893,-1.451160571752658
151,0.29205,1.32877,0.32724,-1.4690426879972622
152,0.29089,1.3203399999999998,0.32719,-1.4514606630496767
153,0.29358,1.3301800000000001,0.32294,-1.464743676200389
154,0.29354,1.32869,0.32841,-1.4699368633739578
155,0.29181,1.3269000000000002,0.32787,-1.468111750582189
156,0.29169,1.33032,0.32578,-1.461914833885098
157,0.29205,1.3322100000000001,0.32464,-1.47378115285312
158,0.29357,1.33066,0.32712,-1.4735581433294231
159,0.29171,1.3340800000000002,0.33113,-1.470067433198467
160,0.29242,1.3315700000000001,0.3237,-1.4731664217826732
161,0.29238,1.32577,0.32237,-1.4650598570160522
162,0.29206,1.32527,0.32114,-1.46467947118012
163,0.2931,1.33018,0.32464,-1.4704681989562254
164,0.29221,1.3338599999999998,0.33326,-1.4731591397597046
165,0.2925,1.33691,0.32957,-1.477505410268408
166,0.29146,1.33154,0.33105,-1.4709218100398644
167,0.29245,1.3355000000000001,0.32754,-1.4782701466563937
168,0.29297,1.32961,0.3324,-1.466204810795488
169,0.29246,1.33368,0.32509,-1.475724070562759
170,0.29273,1.33668,0.32984,-1.4708927544141592
171,0.29273,1.33054,0.3293,-1.4643563035002876
172,0.29224,1.32969,0.32451,-1.4696891096138676
173,0.29212,1.3303500000000001,0.3306,-1.4766341250324888
174,0.29222,1.34612,0.32788,-1.4883910564763176
175,0.29353,1.34873,0.33707,-1.497182907547001
176,0.29364,1.35052,0.33161,-1.487448132029854
177,0.29261,1.35825,0.33001,-1.495638672451917
178,0.2932,1.3507600000000002,0.33687,-1.496057630966762
179,0.2925,1.348,0.33707,-1.4931422603098097
180,0.29369,1.34983,0.33559,-1.4999705978602895
181,0.29258,1.35859,0.34015,-1.5049003716459206
182,0.29398,1.3582199999999998,0.33698,-1.5034901516065888
183,0.29472,1.3549700000000002,0.33399,-1.5026362615720732
184,0.29396,1.35447,0.33531,-1.499783341538591
185,0.29287,1.35202,0.33323,-1.495448975466164
186,0.29293,1.3515899999999998,0.34039,-1.498383862650996
187,0.2946,1.35596,0.34023,-1.5054129272874188
188,0.29339,1.35879,0.34042,-1.4982898127773547
189,0.2935,1.3589600000000002,0.33162,-1.5023527657099534
190,0.29421,1.35503,0.33054,-1.5004432372875138
191,0.29317,1.33207,0.335,-1.4732740858125282
192,0.29227,1.336,0.33058,-1.4796138162150108
193,0.29442,1.33766,0.33424,-1.4747675165650675
194,0.29348,1.33415,0.33297,-1.4776390474619208
195,0.29117,1.33467,0.33134,-1.4800583164713204
196,0.29344,1.3471300000000002,0.33653,-1.4962919200355915
197,0.29317,1.3345500000000001,0.33541,-1.4782474469228273
198,0.29213,1.32842,0.33293,-1.470629327346834
199,0.2926,1.3386500000000001,0.33805,-1.4783544277715448
200,0.29484,1.3303,0.32789,-1.4757759190860587
201,0.29463,1.33619,0.33043,-1.4809324606387764
202,0.2933,1.3296299999999999,0.32738,-1.472859181851457
203,0.29334,1.33227,0.32939,-1.4748138199645198
204,0.29372,1.33998,0.33198,-1.4852293229456113
205,0.2937,1.3387099999999998,0.33401,-1.4842679353683284
206,0.29429,1.33752,0.33024,-1.4814567198440693
207,0.29384,1.33658,0.33721,-1.481734909384323
208,0.29161,1.33639,0.331,-1.4807142789530976
209,0.29411,1.38239,0.34055,-1.531340052881963
210,0.29453,1.37596,0.34478,-1.5299047615801333
211,0.29496,1.37336,0.34678,-1.5178158906106047
212,0.29382,1.38988,0.34268,-1.5388884959191604
213,0.29439,1.3768500000000001,0.34007,-1.5245021085573356
214,0.29384,1.37554,0.34582,-1.5250944711226477
215,0.29435,1.36538,0.33796,-1.5055232037070687
216,0.29464,1.36839,0.33985,-1.5092759070750612
217,0.29415,1.39542,0.35138,-1.5406982828023517
218,0.2965,1.4108100000000001,0.34677,-1.5682324077922476
219,0.29546,1.4122,0.34481,-1.5652858030251964
220,0.29515,1.39494,0.34277,-1.5416956572802163
221,0.29778,1.3804500000000002,0.34529,-1.5255447189558644
222,0.29437,1.38016,0.34683,-1.5319219161506268
223,0.29546,1.3985999999999998,0.34765,-1.548999624802059
224,0.29536,1.4119,0.35343,-1.5592460220122564
225,0.2961,1.41148,0.3544,-1.5685962396173148
226,0.29556,1.40892,0.35236,-1.5642422498681157
227,0.29483,1.42313,0.34834,-1.578967709363113
228,0.2946,1.4229800000000001,0.34426,-1.5768512287280803
