,R0_25c01,R1_R2_25c01,im_max_25c01,slope_25c01
0,0.3847,0.66601,0.17167,-0.8322693468504313
1,0.38886,0.6716500000000001,0.17235,-0.8502976327295441
2,0.39038,0.6694800000000001,0.17258,-0.8438900610615313
3,0.39194,0.6744300000000001,0.17487,-0.8459922764823815
4,0.39225,0.6808799999999999,0.17481,-0.8640001612779
5,0.39252,0.6829000000000001,0.17498,-0.8547762811495645
6,0.39164,0.68025,0.17572,-0.8554147561484596
7,0.39351,0.68364,0.17629,-0.8613675692086353
8,0.39617,0.6707299999999999,0.17391,-0.8576727885912507
9,0.39691,0.66735,0.17362,-0.851487261774285
10,0.39641,0.6752900000000002,0.17402,-0.854267962029531
11,0.40247,0.6791999999999999,0.17634,-0.8633859731461044
12,0.40389,0.6788299999999998,0.17736,-0.8622912135639033
13,0.40612,0.6855100000000001,0.17754,-0.88039498892538
14,0.40838,0.6694200000000001,0.17548,-0.8523539141918247
15,0.40993,0.67046,0.17574,-0.8722960570869751
16,0.32264,0.6736900000000001,0.17591,-0.7707748996312986
17,0.33605,0.68404,0.17754,-0.7874447913273941
18,0.33815,0.6857200000000001,0.17759,-0.796351667309919
19,0.33847,0.68641,0.17919,-0.8032960655974455
20,0.34079,0.6712400000000001,0.1755,-0.7871051261552419
21,0.34164,0.67116,0.17627,-0.7916139626812091
22,0.34279,0.6812400000000001,0.17647,-0.8047709301173632
23,0.34457,0.67839,0.17911,-0.7952307896828265
24,0.3439,0.6837700000000001,0.17885,-0.80223569698024
25,0.34463,0.6756899999999999,0.17632,-0.7923752671460355
26,0.34066,0.6749700000000001,0.17602,-0.7962988764576997
27,0.34587,0.67556,0.17644,-0.7918878907586427
28,0.34776,0.6844399999999999,0.18019,-0.8115432845341753
29,0.34708,0.6849399999999999,0.17883,-0.8090486462910003
30,0.34693,0.68068,0.17954,-0.8074284118597267
31,0.3456,0.6869299999999999,0.1793,-0.8083986765457332
32,0.34597,0.6865,0.17925,-0.7987917324547373
33,0.34747,0.68601,0.18121,-0.8145623180354775
34,0.34691,0.6820599999999999,0.17965,-0.792539383865849
35,0.34725,0.68851,0.17998,-0.815829464268722
36,0.34622,0.6890800000000001,0.18116,-0.8085240220315713
37,0.3465,0.68767,0.18008,-0.8068239723393945
38,0.34785,0.6871700000000001,0.18017,-0.807330683944596
39,0.34833,0.68849,0.18159,-0.8176226303369727
40,0.35003,0.68862,0.18142,-0.8113001688359043
41,0.35066,0.6829000000000001,0.18051,-0.8153537786199274
42,0.35066,0.6762699999999999,0.17847,-0.7888370420736768
43,0.35201,0.6737300000000002,0.1787,-0.8019170906535489
44,0.35388,0.6785300000000001,0.17965,-0.8137247858013262
45,0.35552,0.69211,0.18377,-0.8248493119071216
46,0.35513,0.68638,0.18162,-0.8051781663107965
47,0.3532,0.69407,0.18394,-0.8229829000969932
48,0.35371,0.6833400000000001,0.18192,-0.8093554450768853
49,0.35593,0.68357,0.18146,-0.8078210137275608
50,0.35624,0.68145,0.18303,-0.8174268649518954
51,0.35549,0.6966200000000001,0.18524,-0.8344975030235879
52,0.35448,0.6968199999999999,0.18561,-0.833030731631017
53,0.353,0.69893,0.18576,-0.8281666611521001
54,0.35258,0.6904499999999999,0.18219,-0.8212681865681655
55,0.35391,0.68495,0.18262,-0.8145403486416711
56,0.35171,0.69187,0.18394,-0.8242783747572358
57,0.35305,0.69578,0.18607,-0.8116468529395662
58,0.35008,0.70547,0.18673,-0.8362089050502528
59,0.34986,0.70547,0.18756,-0.8310640295800632
60,0.35337,0.6912500000000001,0.18532,-0.8220985153817413
61,0.34889,0.6976200000000001,0.18527,-0.809479390975071
62,0.35179,0.69248,0.18568,-0.8251661025729445
63,0.34946,0.7055600000000001,0.18796,-0.8368527511494567
64,0.35007,0.7077399999999999,0.18971,-0.8378482921096461
65,0.35012,0.70645,0.18865,-0.8370760218466996
66,0.34968,0.70051,0.18609,-0.8267774851975876
67,0.35478,0.69826,0.1874,-0.8318687759652623
68,0.35176,0.7089099999999999,0.19057,-0.8342574003499903
69,0.35136,0.7131900000000001,0.1905,-0.8465527994957815
70,0.35272,0.71221,0.19033,-0.8482900172419101
71,0.35181,0.71428,0.19083,-0.833081874970871
72,0.35096,0.7142300000000001,0.19078,-0.8391663181550479
73,0.35231,0.7189899999999999,0.19012,-0.8513584942689361
74,0.35445,0.71489,0.19204,-0.8353867349056164
75,0.35337,0.71942,0.19221,-0.8523901694849966
76,0.35363,0.7126199999999999,0.1913,-0.8463601143495167
77,0.35318,0.7204299999999999,0.19309,-0.8420965238424326
78,0.35546,0.71735,0.19237,-0.8472515288604342
79,0.35601,0.7176100000000001,0.19405,-0.8490622316871954
80,0.35449,0.7242900000000001,0.19469,-0.8600352634399547
81,0.3553,0.7234700000000001,0.19439,-0.8637618384158899
82,0.3552,0.7238200000000001,0.19399,-0.8451868264621285
83,0.35544,0.71756,0.19329,-0.8545352697095435
84,0.35734,0.7141500000000001,0.19207,-0.852830861191022
85,0.35744,0.7197800000000001,0.19417,-0.8567568601913003
86,0.35706,0.73004,0.1958,-0.8702781623938072
87,0.35752,0.7295099999999999,0.19687,-0.8634112416935636
88,0.35655,0.7321300000000002,0.19869,-0.8537580165514941
89,0.35672,0.7196100000000001,0.19489,-0.8512548189517615
90,0.35722,0.72474,0.19331,-0.8649578138094371
91,0.3587,0.7245900000000001,0.1957,-0.8667212600238673
92,0.36066,0.7329700000000001,0.20038,-0.877212483756801
93,0.35779,0.7355099999999999,0.19939,-0.8747851507611794
94,0.35821,0.7348300000000001,0.19796,-0.8730418182920178
95,0.3602,0.7261799999999998,0.19714,-0.8666791703232772
96,0.36171,0.7254400000000001,0.19724,-0.8628221256709869
97,0.36029,0.73163,0.19979,-0.8771618943642963
98,0.36203,0.7450999999999999,0.20104,-0.8929826628316941
99,0.36143,0.7418,0.20232,-0.8800281746893205
100,0.35949,0.7521000000000001,0.20186,-0.8890669046639489
101,0.35932,0.73469,0.19867,-0.8790040309489665
102,0.36068,0.74412,0.20055,-0.8888744601861505
103,0.35564,0.74848,0.20077,-0.889019976886198
104,0.35932,0.7542099999999999,0.20293,-0.8988521246838268
105,0.35978,0.75614,0.20492,-0.9028777762816197
106,0.35932,0.75791,0.20483,-0.8846772386550985
107,0.35814,0.74799,0.20376,-0.8763320389249305
108,0.3579,0.7477900000000001,0.204,-0.8822581234894911
109,0.35809,0.75495,0.2034,-0.8940310568984309
110,0.35759,0.76355,0.20626,-0.9010024557655072
111,0.35817,0.76347,0.20782,-0.9035593202225045
112,0.35806,0.76427,0.20772,-0.908689246034069
113,0.35854,0.76085,0.20773,-0.9039139061312718
114,0.35781,0.7758,0.20952,-0.9210403188142859
115,0.35852,0.7707600000000001,0.20907,-0.9076515050127894
116,0.35982,0.7727999999999999,0.20921,-0.9037044247723397
117,0.35915,0.7785499999999999,0.20964,-0.9251646869456671
118,0.35995,0.7756400000000001,0.21034,-0.9067601775670013
119,0.35964,0.77674,0.21117,-0.9154145029668156
120,0.36025,0.77607,0.21102,-0.9241699513300693
121,0.35927,0.77993,0.21146,-0.9268793090227794
122,0.36004,0.7835599999999999,0.21304,-0.9292680650579108
123,0.36062,0.78434,0.21367,-0.931367627786938
124,0.35841,0.77988,0.21222,-0.9230958780179931
125,0.36076,0.7757100000000001,0.21132,-0.9224794343072368
126,0.36151,0.77613,0.21129,-0.9204096207271497
127,0.36113,0.77915,0.21346,-0.9219001507523064
128,0.36165,0.7936799999999999,0.21707,-0.9379123398666397
129,0.36223,0.7876999999999998,0.21685,-0.9360019424460431
130,0.36118,0.7957399999999999,0.21718,-0.9244025049086946
131,0.36201,0.78375,0.21412,-0.9309347684010612
132,0.36332,0.7847400000000001,0.21494,-0.9320059212728499
133,0.35877,0.79389,0.21588,-0.9411033962264151
134,0.36192,0.80254,0.21977,-0.9447533810375671
135,0.36277,0.80189,0.21921,-0.9464110288789617
136,0.36295,0.80876,0.21951,-0.9600477939752862
137,0.36307,0.7925199999999999,0.21746,-0.9410855136316576
138,0.36404,0.7896700000000001,0.21705,-0.9312920876130533
139,0.36337,0.7872700000000001,0.21701,-0.9245879128895336
140,0.3635,0.80799,0.22135,-0.9517229881656804
141,0.36373,0.8094,0.22117,-0.959694244816672
142,0.36182,0.8149299999999999,0.22099,-0.9650591780598843
143,0.36385,0.7900499999999999,0.2178,-0.9315810196546933
144,0.36462,0.8007600000000001,0.21923,-0.9493446844677589
145,0.36391,0.79173,0.21677,-0.9373395445457366
146,0.36499,0.81579,0.22178,-0.9697336356726627
147,0.36334,0.81067,0.2218,-0.9583928499657457
148,0.36377,0.81263,0.22351,-0.9593011655077677
149,0.36493,0.7996700000000001,0.21861,-0.9521298872822499
150,0.3646,0.7929999999999999,0.21902,-0.938157753164557
151,0.36657,0.7958799999999999,0.2209,-0.9397035261688265
152,0.36663,0.80881,0.22409,-0.9594369947407965
153,0.36647,0.80833,0.22283,-0.9537729182736197
154,0.36763,0.8114800000000001,0.22266,-0.9672988047475409
155,0.36856,0.80175,0.22115,-0.9570361076295915
156,0.3668,0.79013,0.21687,-0.942031066153042
157,0.3707,0.7904499999999999,0.21855,-0.9379559859205209
158,0.37446,0.81002,0.22275,-0.9701441241543307
159,0.3711,0.81375,0.22421,-0.9729326660139175
160,0.3708,0.80467,0.22231,-0.9618716529159532
161,0.37061,0.8127000000000001,0.22449,-0.9670911183589513
162,0.37188,0.8038099999999999,0.22249,-0.9598834345217083
163,0.37092,0.80604,0.2233,-0.9536669066484165
164,0.37263,0.81822,0.22593,-0.9612494153526154
165,0.37182,0.80985,0.22461,-0.9637423684210527
166,0.37149,0.8094,0.22562,-0.9627047889611511
167,0.37259,0.8089900000000001,0.22525,-0.9600335553321193
168,0.37455,0.80792,0.22582,-0.9575053353163301
169,0.37536,0.80685,0.22522,-0.958306132371635
170,0.37619,0.8181,0.22857,-0.9718909725048831
171,0.37497,0.8202499999999999,0.22868,-0.9807714557390964
172,0.37518,0.82863,0.23033,-0.987930596159749
173,0.37613,0.8219699999999999,0.22862,-0.9753822792623468
174,0.37487,0.8193999999999999,0.22815,-0.9789401778028355
175,0.37784,0.8139100000000001,0.22759,-0.967026750196808
176,0.37863,0.81992,0.22784,-0.9700284064745692
177,0.37934,0.8309199999999999,0.23017,-0.9836670872947277
178,0.37917,0.83223,0.23166,-0.9959770267889809
179,0.38077,0.8329199999999999,0.23077,-1.000658356583872
180,0.37997,0.8220000000000001,0.22857,-0.984725285339229
181,0.38214,0.81698,0.22839,-0.97428156262541
182,0.38256,0.82124,0.22916,-0.9869563297978512
183,0.38565,0.8343399999999999,0.23415,-1.0062113792169083
184,0.38555,0.83101,0.23404,-0.9851058315937884
185,0.38499,0.8360400000000001,0.23618,-1.001691259288973
186,0.38822,0.82789,0.23225,-0.9975485182550647
187,0.39113,0.8186599999999999,0.23242,-0.9830782629623026
188,0.3922,0.8307699999999999,0.23307,-0.9926869082191686
189,0.39249,0.84012,0.23633,-1.0190485212965443
190,0.39135,0.84147,0.23726,-1.0186277873505645
191,0.3936,0.8424,0.23889,-1.0202334102176622
192,0.39541,0.82809,0.23604,-0.9803776184039756
193,0.39716,0.82647,0.2346,-0.9998866366280844
194,0.39886,0.8310200000000001,0.23514,-1.0036777880109655
195,0.39831,0.8515700000000002,0.2406,-1.0367901778272293
196,0.4009,0.84707,0.24343,-1.0228749227059897
197,0.40195,0.8576299999999999,0.24317,-1.0309679117152224
198,0.40553,0.8559000000000001,0.24476,-1.04881490292309
199,0.40797,0.86599,0.24441,-1.0323251821230794
200,0.41001,0.86401,0.24516,-1.038690268562817
201,0.40929,0.8767,0.25068,-1.050497880179522
202,0.41308,0.87939,0.2538,-1.0824942118441037
203,0.41433,0.88847,0.25419,-1.0851429933123222
204,0.41586,0.8949900000000001,0.25724,-1.0780404963514558
205,0.41529,0.90307,0.25931,-1.0937780571061997
206,0.41705,0.90483,0.25938,-1.1124101016419077
207,0.4169,0.91961,0.26355,-1.1229603494403324
208,0.41682,0.9271199999999999,0.26493,-1.1347101457769297
209,0.41667,0.93332,0.27,-1.1419908783540622
210,0.41605,0.9332499999999999,0.27319,-1.1313170394826328
211,0.41773,0.92821,0.26788,-1.1374239405149813
212,0.42037,0.9291599999999999,0.26898,-1.1392893030124038
213,0.42584,0.93068,0.27371,-1.1369536323476934
214,0.42683,0.9577899999999999,0.28079,-1.1686341923843084
215,0.42546,0.9571100000000001,0.28149,-1.1481573192840437
216,0.42563,0.96821,0.28502,-1.1785976223910744
217,0.42606,0.9626199999999999,0.28245,-1.1784625108744562
218,0.42559,0.9668100000000001,0.28377,-1.1858252549372805
219,0.42634,0.9667600000000001,0.28527,-1.1764216252078943
220,0.42603,0.97907,0.28667,-1.1958456716626165
221,0.42454,0.9938600000000002,0.29288,-1.1839700058852718
222,0.42425,0.99837,0.29565,-1.2162987110613908
223,0.42413,1.00439,0.29596,-1.2075776039303723
224,0.42471,0.9941,0.29393,-1.2061099868233351
225,0.42633,1.00686,0.29411,-1.2164791277814289
226,0.42816,1.0026899999999999,0.30103,-1.223742830883417
227,0.42693,1.03375,0.30172,-1.2408689115204692
228,0.42665,1.02386,0.30795,-1.246278101483942
229,0.42844,1.03722,0.30458,-1.2524804742400177
230,0.42747,1.0294,0.30643,-1.2451127130826884
231,0.42874,1.02745,0.3037,-1.2355699484441172
232,0.42948,1.04006,0.30513,-1.2324372313625689
233,0.43164,1.03558,0.3137,-1.2615268846320846
234,0.43342,1.06026,0.31837,-1.291058496813031
235,0.43393,1.06326,0.31839,-1.2904506363961388
236,0.43216,1.06996,0.32106,-1.2944118292275109
237,0.43082,1.05206,0.31836,-1.2794491009344453
238,0.43421,1.06564,0.31878,-1.2881007549491108
239,0.43374,1.06637,0.31929,-1.293255013935781
240,0.43515,1.07804,0.31824,-1.2983901375286981
241,0.43607,1.09409,0.32435,-1.2937404135399233
242,0.43407,1.09484,0.32615,-1.322210181798738
243,0.43476,1.1011199999999999,0.3284,-1.326012089283178
244,0.43519,1.10567,0.33295,-1.3398209107059473
245,0.4383,1.09857,0.33246,-1.330020371765423
246,0.43668,1.10654,0.33538,-1.3409252359405301
247,0.43624,1.1186,0.33931,-1.3530707416658199
248,0.43399,1.1223,0.33742,-1.3512655539932055
249,0.43535,1.12283,0.33719,-1.357082671755725
250,0.43586,1.1271,0.33987,-1.3614668682996245
251,0.4351,1.13068,0.34011,-1.364295909283236
252,0.43485,1.12337,0.33396,-1.3459572970353015
253,0.43395,1.1291,0.33404,-1.3554161415064327
254,0.43539,1.13723,0.33997,-1.3701712587864754
255,0.4348,1.14085,0.34435,-1.3749607897594058
256,0.43417,1.14911,0.33999,-1.3779884055101872
257,0.43382,1.15464,0.34447,-1.3827699273607748
258,0.43526,1.14212,0.34569,-1.3748809207134214
259,0.43485,1.13747,0.33486,-1.3584840245461518
260,0.43611,1.14689,0.3445,-1.347295809821362
