,R0_25c01,R1_25c01,C1_25c01,R2_25c01,C2_25c01,R3_25c01,Wo1_0_25c01,Wo1_1_25c01,C3_25c01
0,0.40912932635327637,0.26165878292259137,0.0008009859232985967,0.26165878292259137,0.026266563279534683,0.1926370143256546,1.8433688078167514,166.92426446771242,0.004864934475326168
1,0.4124563613750479,0.2678222259922845,0.005086115106978474,0.2678222259922845,0.02611406143217783,0.1335842551027997,1.7966567978682415,158.40584284906694,0.0007822428420384676
2,0.4142902818932383,0.26941759911577134,0.005061612385730572,0.26941759911577134,0.025958050372049582,0.13349251658280256,1.8535929346858642,165.33103376437586,0.0007761389046581185
3,0.4154627940117917,0.2706863693456218,0.004997285015616242,0.2706863693456218,0.02569703695169609,0.13389339254419516,1.8907102688219288,166.88657042369965,0.0007659777999843314
4,0.416975143193729,0.27185719241336964,0.00509150673119298,0.27185719241336964,0.02594850131756192,0.13532698667665177,1.8152308826674335,157.3537282240328,0.0007739260619798544
5,0.41715063108557765,0.2717943649858689,0.005131197365268875,0.2717943649858689,0.02583414903243665,0.13627240823818457,1.904308664080922,167.1502705662131,0.0007748102508989435
6,0.4171278115513285,0.27665258914962904,0.004928531327547663,0.27665258914962904,0.02520580253132396,0.1331801480191439,1.8746919633215873,164.30921301405982,0.0007605455180144502
7,0.4178232503222559,0.27746937600918536,0.0049617152626629385,0.27746937600918536,0.025024819940756535,0.13338489923289615,1.8895974861879112,165.6083968827306,0.0007707979130928297
8,0.41865530110453725,0.2720050435635722,0.005145604025591655,0.2720050435635722,0.025848707999318966,0.1338730826002595,1.8187757878276738,157.35559906091703,0.0007771411507400728
9,0.41956969983488995,0.2727436117666967,0.0050394029850233555,0.2727436117666967,0.025386780914403557,0.13139438980707713,1.855579213875616,163.11896473815042,0.0007737393918379316
10,0.4212335335706907,0.27495187754556294,0.00498412654529867,0.27495187754556294,0.025057906387302303,0.13026031307778832,1.8623116740865537,162.4935538453213,0.0007769891648524039
11,0.42720364232445956,0.2771665755435601,0.005009052341999691,0.2771665755435601,0.025373262801716947,0.13263917582467588,1.9133807782253345,166.94892919748244,0.0007752668858141184
12,0.42729358766485015,0.2814763378732298,0.004947644094082134,0.2814763378732298,0.024628010892838233,0.13119713988379475,1.9105043697492394,166.00539179595572,0.000775067698846976
13,0.4299381707955461,0.2811530675687415,0.005024483193294498,0.2811530675687415,0.025059508611924644,0.13218027147888073,1.8796910340305415,164.13381102718944,0.0007772781737980573
14,0.4311170617164884,0.2729391435926241,0.005226133309568908,0.2729391435926241,0.02573558215965101,0.13287186647428986,1.8876917353354217,162.07409814595945,0.0007824623297374456
15,0.4331359595355231,0.2747270914482292,0.005267104181304461,0.2747270914482292,0.025890541456496812,0.13297303760759346,1.8389260832357694,158.91619748387333,0.0007904882260129911
16,0.35100620519929004,0.27396534840109804,0.005436431483300768,0.27396534840109804,0.026127132525396116,0.13309885913501598,1.8665047300462962,162.73376030608256,0.0008480363604001937
17,0.36262183111027796,0.27726968099905464,0.005520329319216783,0.27726968099905464,0.02603567399319851,0.13469723893295718,1.8434044162798975,154.5096812037404,0.0008444131697118915
18,0.36464064265875007,0.27837272033039717,0.005474998324191298,0.27837272033039717,0.026091349896478627,0.1345689244664816,1.8858737078127434,163.37266218536178,0.0008490819187928363
19,0.36560919004684994,0.2804004350953472,0.00545100584022341,0.2804004350953472,0.02578649365338093,0.1346466542410767,1.8755419283103725,162.32486276741227,0.000846716724163652
20,0.3670448940456967,0.27601357785602354,0.005505909360202944,0.27601357785602354,0.02603238867517777,0.13187563196544044,1.8748803536640959,163.58591603274164,0.0008667454868675462
21,0.3683921006663354,0.2774912590965116,0.005475153293741835,0.2774912590965116,0.025810429441550313,0.13151837333618477,1.8606063007575016,161.2318797524612,0.0008608866310202755
22,0.38164926744029487,0.0008495859668653323,0.0011956250083124446,0.0008495859668653323,56.738504362592316,0.36121033664763663,1.8489563179559791,156.54871384474592,0.013681215396096735
23,0.3692427464999923,0.27931588911993604,0.0056528119018668605,0.27931588911993604,0.026112959773346222,0.13483208933310267,1.9190473619414878,165.71026706594338,0.0008545599653154998
24,0.3691235189514763,0.2828311586188988,0.005527104837513608,0.2828311586188988,0.02578446015542854,0.13352221222440114,1.827257679568088,152.08248404146553,0.0008557012159613103
25,0.36990048490998473,0.2792007474435717,0.005616612180057878,0.2792007474435717,0.02572342453358495,0.13184338521971492,1.8835369717068626,163.1190334201423,0.0008727028145226461
26,0.3698017575827842,0.17587285562641594,0.000862770528444074,0.17587285562641594,0.005050419850606802,0.2962403521033015,1.8219541076225387,157.67205709279435,0.02142799237438608
27,0.3720412325116462,0.2777292868433411,0.005627623009571958,0.2777292868433411,0.02623003795564443,0.13160982000968238,1.8268416254009503,152.4598241722184,0.0008775054356177654
28,0.37289095925824134,0.2858469166864364,0.005588848126418577,0.2858469166864364,0.025427811332578085,0.1323271585176985,1.8815036197107091,162.04246719414053,0.0008675761232978563
29,0.38475653274999067,0.0009959828216726994,0.0012104667086883243,0.0009959828216726994,46.38043303620612,0.3653401251234647,1.9278568316667561,168.37070267454922,0.01380336113955354
30,0.3721295460799834,0.2853924016406224,0.005585080631840759,0.2853924016406224,0.025849000407685944,0.13258756330871424,1.8813886218931404,161.13462586422273,0.000864345557743936
31,0.3721953616901787,0.2837566247166414,0.0056992239298075216,0.2837566247166414,0.02616558276169956,0.13371464253532003,1.8968731558164256,163.46064050284102,0.0008751120328396207
32,0.37289215824348515,0.28607341720417545,0.005594852685001751,0.28607341720417545,0.025800612696077585,0.13189330990363876,1.9345059044468769,165.34836953951563,0.0008725897474183497
33,0.37299341529370533,0.2866897408657852,0.005815417302915422,0.2866897408657852,0.02597964638720067,0.13461690538780316,1.839355341543698,154.01050969249494,0.0008848230137099972
34,0.37286391382930456,0.2849879398380486,0.005756779071671971,0.2849879398380486,0.026191102346056594,0.13349766061089535,1.9348319105953933,164.08217662472018,0.0008813780850942675
35,0.3728625090497348,0.2872752851260271,0.005683700397696965,0.2872752851260271,0.02608301014039498,0.1326212843625334,1.879052822396379,160.3886708070458,0.0008716854237814585
36,0.37273074744448803,0.29184977502551535,0.00555265724928007,0.29184977502551535,0.025263838444262294,0.13037659448171224,1.905346121336978,162.42173960510212,0.0008730366235584873
37,0.3724071056969436,0.2878254534492085,0.005681766554479732,0.2878254534492085,0.02596486337834553,0.1318807906163523,1.9009601190136236,161.78147822138732,0.0008688099495243465
38,0.38599105738820333,0.0013873481612678524,0.0012245711233028805,0.0013873481612678524,31.345255404872333,0.3689119308893528,2.068178602705355,188.45922965339446,0.013889698885216246
39,0.3742733315590917,0.2899795345885909,0.005648393116833717,0.2899795345885909,0.026013494086331596,0.1309886426866831,1.8439117083540901,153.9748421316942,0.0008700978579697779
40,0.37497678193392014,0.29114394642823666,0.0056795835809577795,0.29114394642823666,0.025755883718001027,0.13093325228921224,1.9061707533050505,162.3696635879409,0.0008829772360951197
41,0.3758911285547572,0.2916930745440188,0.005600341536403048,0.2916930745440188,0.02582111322891978,0.1293354583385854,1.8724356754248326,158.6812349943476,0.0008770495893410667
42,0.3886657530966577,0.0016674144957909553,0.001243898796916187,0.0016674144957909553,24.354078413805667,0.3651346230395605,2.1745180869319487,206.2047370023118,0.01400469762351129
43,0.3900233290531595,0.00044266334971439046,0.0012544602598250354,0.00044266334971439046,96.26118893572513,0.3645024324199813,1.8347652884500707,152.56028278160488,0.014180661315357175
44,0.3922758438965725,0.22319971399626462,109.1175283724117,0.22319971399626462,0.0012842469158927873,0.37050826069766024,1.2954918164212743,99.1941914415789,0.015074813245927047
45,0.39295346786962454,2.1714213240470675e-34,0.0012436808379377965,2.1714213240470675e-34,19.80971613071384,0.37450423568488606,1.9209774965722577,163.1453211022687,0.014162210540624129
46,0.3800924184327274,0.29454743635761105,0.005729551426197207,0.29454743635761105,0.025662015323998172,0.13011523606047082,1.9384305941395938,162.6255676011414,0.0008929826738326524
47,0.37957109079513196,0.2957120564998608,0.00580488958470355,0.2957120564998608,0.025838063770510688,0.13138679382267784,1.8435574343604624,150.64299929672043,0.0008841091476515378
48,0.3792726870532509,0.2929243637016832,0.00575256882064761,0.2929243637016832,0.025442202457193388,0.12872187271646296,1.9040046075041335,162.4361550539065,0.0008940598569648394
49,0.3927846756189183,0.000587723227576614,0.0012588163748454813,0.000587723227576614,71.53102724937592,0.37040969499344534,1.832895064971504,147.79450776173366,0.014266538550762538
50,0.3808525139606056,0.29607352637034545,0.005737604138569354,0.29607352637034545,0.025435830703606523,0.12839346584332176,1.887360830662896,160.7738845359249,0.0008981293554044212
51,0.38067048890778893,0.29883032056748327,0.005728032914077427,0.29883032056748327,0.025889824795872696,0.1303883568864203,1.8792606705521775,158.08073447910903,0.0008863701817786785
52,0.38016611034792375,0.3016128288572897,0.005685553943402506,0.3016128288572897,0.025428846663438347,0.12855315248132557,1.8880936760986218,159.3732376549069,0.0008947308643381124
53,0.3791253238142665,0.30223375345119624,0.0057052469000559766,0.30223375345119624,0.025435817141601456,0.1291297259473542,1.9170004388493707,162.53718644231893,0.0008957916093539855
54,0.39131183769640276,0.000957588416688919,0.0012749898148197894,0.000957588416688919,1.937367617970521,0.37255262282321183,1.8190861380994034,147.75071961509053,0.014525521447390442
55,0.379087410383313,0.29656719370096846,0.005849961531757175,0.29656719370096846,0.025882815491430945,0.12930520773555768,1.908451253327524,162.73288669653408,0.000900344332799104
56,0.37818544467053455,0.2983918836380015,0.005863562072272559,0.2983918836380015,0.025630608690976203,0.12889583893933432,1.8794041167858233,158.53956764071074,0.0009030561535548941
57,0.37760013897945893,0.30215030412236776,0.0009037128899491792,0.30215030412236776,0.02544148154260172,0.18675548134249403,1.9467122649278965,161.8231483057488,0.00535736886034383
58,0.37669593814169167,0.302986615176686,0.005856565228858365,0.302986615176686,0.026244765398165535,0.1309763597648414,1.90562095643017,160.7359842707895,0.0008858424293714874
59,0.37668971991353734,0.30454236151690206,0.005812897748051326,0.30454236151690206,0.02593976258237082,0.13022579801452341,1.9253223535527464,162.7468284247607,0.000901278939149127
60,0.39103356114233945,0.37556375911525575,117.49538760627789,0.37556375911525575,0.01661956293722296,0.22666624468788008,1.374023602520638,104.35599832936524,0.0013283374521367334
61,0.375844048394078,0.30071977895960317,0.000904530740651616,0.30071977895960317,0.02536134975492063,0.18333082729617817,1.940034055636062,162.7280607289563,0.005421117498760035
62,0.3761915596673064,0.3026713168637254,0.005728365931871948,0.3026713168637254,0.025613698761043475,0.12649558424234625,1.8711564629218675,156.4284203455994,0.000897579497060204
63,0.37532563566895116,0.30851518956295887,0.005754981527122035,0.30851518956295887,0.025609881688686494,0.12924659352128587,1.8918617550680858,158.0992948813744,0.0008869874746721422
64,0.3754002896503154,0.3095430306436905,0.005847634670175739,0.3095430306436905,0.025634539474190737,0.12981313534079192,3.8217338335997706,642.3229755906289,0.0008962232861629544
65,0.388255442712576,0.001047067571632201,0.0013060656726825053,0.001047067571632201,1.8552332871548431,0.3858206634833778,1.8367429544663947,147.58098850059167,0.014774864423842862
66,0.37582840609750034,0.3046300169157031,0.005918790932286558,0.3046300169157031,0.026020486305935835,0.1289042574715635,1.9162434129852683,161.52386173084616,0.0009097168559192941
67,0.37752770734225455,0.30711049886199254,0.005871632939512476,0.30711049886199254,0.02570314218649084,0.1284639213154063,1.9032133252410461,160.77621902118167,0.0009039411932484809
68,0.3779757891610695,0.3117578160566446,0.005725559910024266,0.3117578160566446,0.025435949780273494,0.12748247293255796,1.9509879152867504,163.226873364273,0.0009012743180398749
69,0.37802113177994834,0.31287010835695217,0.00590663012588602,0.31287010835695217,0.025831258091124146,0.13021204013787308,1.9054599712608555,159.34807126281856,0.0009134832443888928
70,0.391148407056588,0.0010892548943969298,0.001312576406813188,0.0010892548943969298,1.8151235555808425,0.3899217811023429,1.8987181089560397,157.38949368110963,0.014924228931349398
71,0.3773332174012196,0.3149363735931982,0.005758229741152892,0.3149363735931982,0.02545463108893849,0.12841936484692135,1.9734697465744215,164.34006212519714,0.0008974410837893609
72,0.3779371621164098,0.312060351284454,0.005975457702858433,0.312060351284454,0.02607491047718228,0.1307182339485586,1.9540344832874705,163.47834572700168,0.0009015677766467943
73,0.37849239697132775,0.31281828316834154,0.005961479381449758,0.31281828316834154,0.026223200601935188,0.13042760861067512,1.8597414713640734,150.31863281374424,0.0009066009394229252
74,0.3788769618565185,0.31743688051060454,0.005793850418782503,0.31743688051060454,0.02541238275019516,0.12829933522381048,1.9790774148589552,164.2320514042939,0.0008964770296014273
75,0.3942314272298714,0.39383351385660587,92.10189458361,0.39383351385660587,0.0172329890042624,0.2332590391108724,2.821119601788758,464.3454019598982,0.0013715911029288555
76,0.379280519368834,0.31464626709594407,0.006092153679276033,0.31464626709594407,0.026430689607931383,0.13182130249118437,1.9231166232560575,160.38902661227434,0.0009122852412721158
77,0.3791641672612629,0.32031092083195606,0.005804730475907539,0.32031092083195606,0.02573420718583107,0.12881690029367082,1.8987776869253992,151.97685945957173,0.0008965104660736149
78,0.3807881068220692,0.3190023540119172,0.005930556536399306,0.3190023540119172,0.02582801736599418,0.12952525407885473,1.9415751958113845,161.82995862554196,0.0009174973396583701
79,0.3813755829467792,0.3195278819003119,0.005957529826644202,0.3195278819003119,0.025727573622030323,0.13006139591481006,1.9389388866812096,160.7527737788735,0.0009190770277949606
80,0.3968604036605288,0.396952892819462,91.68588294323854,0.396952892819462,0.01735234812780993,0.23411902295055406,1.3291897006348266,102.71757723744848,0.0013874117222870826
81,0.38143393746873755,0.3197372876293286,0.006075195628964083,0.3197372876293286,0.02650655078779578,0.13198308064877873,1.9019024518810508,157.5791775442201,0.0009115898045388355
82,0.3964854341139142,0.39828797409734396,79.1457905194333,0.39828797409734396,0.017531434077713702,0.234626655555383,1.4927451111335392,132.76793840647866,0.001398482778277062
83,0.38139701457447606,0.31920899287077825,0.0060658553736351135,0.31920899287077825,0.025944747565754624,0.1300866360613273,1.913684517489492,159.41596907386267,0.0009137727050588313
84,0.38205136021587577,0.3178521342368739,0.005991665641336789,0.3178521342368739,0.026138047462066813,0.12896137618752979,1.9159133897622869,159.61051748040003,0.0009158086475496556
85,0.3983986808602558,0.3962884064252356,89.5468004681991,0.3962884064252356,0.017493543364811848,0.2319551265765985,1.317891006081874,101.96448314002046,0.0013992221942792519
86,0.3829145177895785,0.32488268807987186,0.0059499887886852515,0.32488268807987186,0.026172796857570176,0.12922008611244262,1.874756853009575,151.01902030191565,0.000913437943949975
87,0.3984569829558691,0.4026329452709265,86.49126821465543,0.4026329452709265,0.017630792243917955,0.23528867361236422,1.3705880328867142,108.8035252074278,0.0014152843236045242
88,0.3823702989714018,0.32945994935735723,0.005896102364363884,0.32945994935735723,0.02564235015565564,0.12922296404882191,1.9804763911785874,160.61842681191902,0.0009097829772860792
89,0.38315200459974397,0.32185347315016744,0.006046607974582661,0.32185347315016744,0.02588943403513432,0.1284324701597238,1.9434478896983067,161.33566997056306,0.0009271384639530008
90,0.397415337169482,1.598589774830177e-09,0.0013560053499489838,1.598589774830177e-09,0.00014791591393260403,0.39808945402542834,1.875845516399984,151.99290818748136,0.015227645017199578
91,0.38540192489899694,0.32350059927449554,0.006145376817216223,0.32350059927449554,0.0264465496152161,0.13038208786194194,1.9197122419598327,158.29381990440206,0.0009193960567928396
92,0.40104918468041195,0.40770883215797776,88.45262071380635,0.40770883215797776,0.0175505282492659,0.23427306920661767,1.311874410857898,99.56497181360159,0.0014089513517342724
93,0.3993282743835608,0.40776077645926107,88.45685579861123,0.40776077645926107,0.017513006388216165,0.2349721574185567,2.8300146368889267,460.4236646515893,0.0013914078938613733
94,0.3996681844266644,0.40635169851413744,85.58840349650742,0.40635169851413744,0.017743898883274364,0.2357361979106456,2.8108844445606738,461.0935547801724,0.0014084868624137598
95,0.3853914385786746,0.32850629232700607,0.005953370086140708,0.32850629232700607,0.026086811507613925,0.12741492838393825,1.9484129066643754,161.16752915849992,0.0009220048793044896
96,0.3860845106607602,0.32780273635887197,0.006050129789124303,0.32780273635887197,0.026180717866816614,0.1283230778354101,1.9542400770174642,161.0916853588958,0.000922954241847202
97,0.4013979209706424,0.0014240017580063947,0.0013772722810577907,0.0014240017580063947,29.707560241119584,0.40475874435594533,1.9844937142658978,166.98320726438965,0.01549665081170698
98,0.40059563162878453,0.001826018264389334,0.0013689330208086286,0.001826018264389334,23.571455290617866,0.41218975607282843,1.9850776165371582,165.1243590255135,0.015480868362962728
99,0.4008066505717788,0.0015993376557512547,0.0013778272131215437,0.0015993376557512547,27.111015766372102,0.4128567846060481,1.865111737464306,142.63262571816713,0.015562160953977812
100,0.40051767168874475,0.0018196990994380569,0.0013745607312057677,0.0018196990994380569,22.39204396764629,0.4138989125504423,1.9618945648161374,156.63616746047234,0.015530816347763508
101,0.3858576921842698,0.33125269577617106,0.0062800681763189505,0.33125269577617106,0.026625312981677477,0.13204037171157962,1.9232882828590692,156.03208927251876,0.0009234806246898071
102,0.40283933173762065,0.41029595043727757,85.20087866131273,0.41029595043727757,0.018071110807027623,0.23569165204856773,2.7987776791743624,455.3316363768134,0.0014444771335786297
103,0.3849501543155052,0.3359795402471386,0.006065899218130021,0.3359795402471386,0.026470923048084804,0.13043718114454278,1.9088848091681156,153.26536565948442,0.0009055711916311723
104,0.3999447997138214,7.219291065016078e-05,0.0013802687193940038,7.219291065016078e-05,581.3449737264522,0.4175915367912594,1.9634390209211676,158.7444645667821,0.0157639189796654
105,0.38496123258860143,0.342821791570361,0.006092493126171164,0.342821791570361,0.02658834518042864,0.13152876916513734,1.937056828805513,155.24717120991514,0.0009095921024612857
106,0.4017695135126139,0.41968988004470514,73.98826566578002,0.41968988004470514,0.018271646737229322,0.23977856175629844,3.2519039669738743,608.553160279282,0.0014419900963825159
107,0.3842499589298367,0.3386543090934043,0.006076850746554455,0.3386543090934043,0.026302961113940655,0.12887749128282125,1.9364457539970756,151.6581635182373,0.0009099771166441024
108,0.38448239825761554,0.3401602245065622,0.006069028470164919,0.3401602245065622,0.026524334752070892,0.12990207782758764,1.990689093134984,162.03740785953048,0.0009124221353533842
109,0.38413007654536235,0.33943358344358493,0.006347366604286021,0.33943358344358493,0.027030183272499612,0.13344555312636588,1.980476207355096,161.10104956064453,0.0009240679588262658
110,0.3842251140222357,0.3455331577684209,0.006140104972141812,0.3455331577684209,0.026772504599521,0.13159653147844536,1.9970288390799895,161.54187600466526,0.0009146761919556909
111,0.39897026283379944,0.00010383774904527325,0.001395629924910939,0.00010383774904527325,543.5606917665177,0.42445162350691656,1.854872620722305,138.8440123936883,0.016010285962652453
112,0.4000989181527477,0.40016706175818,0.001438872252769922,0.40016706175818,74.64985605416318,0.4336546953215008,1.301019864819243,103.17664261876382,0.017003114259527594
113,0.400777217432288,0.42606757432467524,85.4755086848692,0.42606757432467524,0.018420702573827843,0.24110778887845224,1.34526661323489,100.9003361310954,0.0014487596061756045
114,0.40151829217614887,0.4287047554113541,82.83371136848118,0.4287047554113541,0.018393984856500706,0.24117130408664703,2.884611033915416,471.31405656993354,0.0014570255079329449
115,0.4013848511812361,0.4287407132205569,79.10531300952331,0.4287407132205569,0.018501106095189915,0.24208278353890936,2.94133816849431,484.88024758097504,0.0014609927476648703
116,0.38602162712554183,0.353777233623979,0.006108999814235453,0.353777233623979,0.0268202586750748,0.1312350485437628,1.9728498164136339,152.131934573008,0.0009324224618690594
117,0.401644316159636,0.24160984400547755,75.25921927779608,0.24160984400547755,0.0014660506399220682,0.437881301787612,2.7663191777619813,457.84794332266847,0.017336792606502664
118,0.4021434614627074,0.43293395908081306,74.76072678186917,0.43293395908081306,0.01860239223926861,0.2435502011856071,3.2116507669089525,572.0192665751831,0.0014670061777965894
119,0.4023015719418494,0.4326322781484191,80.97253849045299,0.4326322781484191,0.0185832929213108,0.24291645581497578,2.9588025930057102,482.15082939769997,0.0014601322986580844
120,0.4026083032475894,0.24206626177973858,73.44737452730539,0.24206626177973858,0.0014672852259661206,0.44015465760415684,2.7728653708001634,461.93181271573525,0.01743181152510472
121,0.402847398745706,0.43596066538451755,80.13102111030587,0.43596066538451755,0.018693440868310672,0.24411773926333363,2.918981519031867,480.64702029460415,0.0014666448571439392
122,0.3858676982745415,0.3594167888129648,0.006182950169018302,0.3594167888129648,0.02711976993975051,0.13369707145298698,2.0108666780520603,160.40314403200065,0.0009075259055966426
123,0.3862335764535909,0.36087929578678113,0.00619273686316932,0.36087929578678113,0.027326705726933517,0.133999982779927,1.9482469539372218,149.60851614635223,0.0009012144841116103
124,0.3859348838505656,0.35828161726590474,0.006233920272925121,0.35828161726590474,0.027085783084818064,0.13328073901324372,2.0104079617865125,160.3928023045772,0.0009066177939941907
125,0.38690422976071126,0.358243803328782,0.0062076090861938014,0.358243803328782,0.026924227061907103,0.13213237224781077,1.9952732958449722,160.17660332771263,0.0009122197554843824
126,0.40279277677924163,0.4262329292161647,146.7227376915501,0.4262329292161647,0.0179850771009406,0.2360044352377045,1.6921640322113074,110.7658468061205,0.0014182559866663838
127,0.38688628735309954,0.36242170970170495,0.006029975811227688,0.36242170970170495,0.02660013137643517,0.1306573339747779,2.0233044469128862,159.8630729235891,0.0008994132932596825
128,0.40493252249828987,0.24534606390390742,73.90563107785546,0.24534606390390742,0.0014644527203862387,0.4519994330558972,1.3228129698470688,100.29620326160263,0.017605713317684384
129,0.4054457429118844,0.7897807537029674,0.001482268321961101,0.7897807537029674,74.25609809764985,0.4524814363947712,1.2979953569784752,97.08818711054344,0.01770437086318745
130,0.405895835642986,0.4461280707452597,68.72002545400869,0.4461280707452597,0.019074742650063883,0.2479814198090168,3.3059614590922326,607.9474664863184,0.0014730990788609497
131,0.38831200507762786,0.3633975845290435,0.006165312344741101,0.3633975845290435,0.027087474663034405,0.13153064719400936,2.019202222001963,159.94153777739658,0.000912500800926913
132,0.40598664146108804,0.4409406004129426,81.41186344377675,0.4409406004129426,0.018975396674459372,0.24310930423289895,1.3594317944958927,100.32418286017115,0.0014737521736743876
133,0.3891009125839834,0.3668345316037277,0.006222315569196718,0.3668345316037277,0.027297986487093792,0.13344671693906807,1.9764221498773062,152.52832645533843,0.0008992304766397645
134,0.40695720428152393,0.44933204057575366,78.0713876769268,0.44933204057575366,0.01929529681876631,0.2495344885233589,1.4124107743995764,106.64479940250449,0.001484763794406224
135,0.4071136959954869,0.3711339840796996,0.0014782316650979329,0.3711339840796996,65.96641515351311,0.45902779071729455,1.3913788899392228,115.69201914988135,0.017950201968062074
136,0.40665811192022816,0.24710642102961444,73.37706601318204,0.24710642102961444,0.0014772312370807674,0.4602900141515449,1.294267650046704,95.72321007644632,0.017848397143259337
137,0.40722853877276183,0.4453003612960348,80.39261379340027,0.4453003612960348,0.019253360993375875,0.2451759356048946,1.3595404121155141,99.71104441033904,0.0014927934448972892
138,0.407445702915286,0.444558203492707,74.02155897282124,0.444558203492707,0.019279810636607494,0.2445136649467741,2.902275795357052,458.1705345506064,0.001502341599832086
139,0.3893402857908069,0.3687666398906926,0.006238477226325208,0.3687666398906926,0.027079023095083185,0.1315602006541404,1.9890238007214587,148.92079911756443,0.0009071857495216158
140,0.4080861916374946,0.45431623932369836,75.4981344286291,0.45431623932369836,0.019432543580919098,0.24979629265280914,3.0044723794494197,483.1099235926534,0.0014943326918476435
141,0.40763684196173144,0.4535972575721558,81.238020334963,0.4535972575721558,0.01933054990791731,0.24827628789164696,1.3807464191025929,100.08202781270059,0.001477770556278401
142,0.40785998800880835,0.4566167576520161,80.29623109713296,0.4566167576520161,0.01929471904039207,0.24868049422214927,1.3682036210647148,99.11021249221017,0.0014739474526269372
143,0.40810994968302866,0.4438521265503673,74.58277053940532,0.4438521265503673,0.019508511574334083,0.24379145927934584,4.619687665653548,1155.1409839382836,0.001506512753605067
144,0.40854672442297313,0.4485149894877009,77.34650198792019,0.4485149894877009,0.019488925439023835,0.24498452994015826,2.891701705920436,451.0854839721829,0.0015032630177137655
145,0.4082423021845452,0.4455420542828984,76.14740994778367,0.4455420542828984,0.019595086147167394,0.24405148497884907,2.856058276734469,446.346214978825,0.001510566584377792
146,0.3911863074617132,0.3812406908279403,0.006257620314733962,0.3812406908279403,0.027522765104201725,0.1349781814744246,2.0297567339534957,155.30000237374622,0.0008940139082206675
147,0.40901653979973485,0.4537180640493606,76.88953271404276,0.4537180640493606,0.019597932353695294,0.24777307047858468,1.3511697618729805,97.87872590769759,0.0014993253783298001
148,0.40940358715735653,0.45806718946876024,77.65399021182557,0.45806718946876024,0.019675332505459036,0.24967821712735877,1.4026070795681598,102.58685416657791,0.0014895310161007103
149,0.4089643146939797,0.5189251602216385,0.0015099226585052854,0.5189251602216385,68.74714565963062,0.45592751234181284,1.2765414288451238,95.49412975091407,0.018433827765719092
150,0.39130665463943676,0.37466487752820576,0.006335460940369709,0.37466487752820576,0.027460246759330793,0.1317183086901892,1.9850781374555297,147.97970631706843,0.0009062039899557018
151,0.4107926674995481,0.44954027613322434,71.46619007261661,0.44954027613322434,0.01992516997588256,0.24429018745896355,4.53770912221359,1109.3358146551184,0.0015221423017141226
152,0.3933346433237017,0.3812531077982643,0.006389219098885672,0.3812531077982643,0.027982045859324525,0.13468998237066218,2.000370334379162,147.5245940410794,0.0009039226887877354
153,0.4115478535670866,0.45702981966097994,73.00866232971914,0.45702981966097994,0.01987030566098156,0.24719245690267497,3.0015834333463034,475.5446228866332,0.0015278782603561128
154,0.41147442704788345,0.24565376946866746,68.2513589509787,0.24565376946866746,0.0015112427380694208,0.4647135854686048,1.2920930092512712,95.63753287919414,0.018515037334673138
155,0.41234842465447846,0.45475606078116587,74.76185413642166,0.45475606078116587,0.019949214119575343,0.2458046329511146,1.3406828249915643,96.29683095585884,0.001520167734321297
156,0.411706895947574,0.44377220164441294,74.0435706586368,0.44377220164441294,0.019880845408122003,0.23882086159645124,1.3230379859740307,96.38322378476725,0.001519049183695107
157,0.4142396162728212,0.4472693526216352,71.25506203035329,0.4472693526216352,0.02009596070510939,0.2419747185484106,4.564875590678588,1118.7132424055594,0.0015220834040350776
158,0.4159833337138696,0.45582984947876387,95.88271697254943,0.45582984947876387,0.020038656157045674,0.24540424434964836,1.4539628438971692,100.09715435115925,0.001528822898557239
159,0.41596854135341815,0.45776631314300226,72.65886609616744,0.45776631314300226,0.020255182819783876,0.2472863483022678,1.3537482894316109,98.48587954213433,0.0015294964929717084
160,0.4153996342475767,0.4525588228755548,83.8664413861341,0.4525588228755548,0.020081248446536838,0.24321668551959963,1.365193449786192,94.15352982266833,0.0015380166730734166
161,0.4161806665757446,0.4578263150336294,75.02812816093734,0.4578263150336294,0.02015927557584814,0.24577165406767282,1.3688820854217716,97.37825747563856,0.0015347966570442681
162,0.4154203690516263,0.457249745502978,74.28609207840367,0.457249745502978,0.020136534726507588,0.24435262427701307,2.906668549773919,442.16922130118746,0.0015125400929104297
163,0.3977384656481067,0.38573921213541024,0.006273368969333859,0.38573921213541024,0.027600771491140076,0.1305032024786774,2.1294094345994594,162.30834433922357,0.0008981277579414778
164,0.4178497963748172,0.4626573049211113,66.85144414894589,0.4626573049211113,0.020334779243322925,0.24639748382627918,1.5271980945405086,120.13503303845438,0.0015420530559856508
165,0.4174225913420444,0.4607734228098024,67.27732312204255,0.4607734228098024,0.020394675564577112,0.2456097550503927,1.4439555127854846,112.60230206476986,0.0015407469389712904
166,0.41778485079651945,0.4610321751026544,65.63275109546372,0.4610321751026544,0.020452203710656966,0.2448775462796395,1.431969721291829,111.96584380066498,0.0015503676007803935
167,0.41798944560957324,0.4604768898164659,70.84682706157164,0.4604768898164659,0.020390637020616446,0.243525988173932,4.772258894542808,1177.919828310551,0.0015386719852301912
168,0.4181406630290837,0.4612365285267946,67.35400793745512,0.4612365285267946,0.020631724369877875,0.24509109800906057,1.3929019673531564,100.43574085337866,0.0015503825615997484
169,0.41950156440658987,0.46056221114783485,68.81436862283208,0.46056221114783485,0.020520764286580253,0.24331450215084643,1.3939786388346362,100.46429446038805,0.0015369437283546936
170,0.42091785023498196,0.46816890638316977,63.48146302348364,0.46816890638316977,0.020684301684559418,0.24707936256580837,1.4877208689948165,118.23707951129052,0.0015513932955622152
171,0.42076824795669665,0.46831413983823345,67.02627611670076,0.46831413983823345,0.02079433406792536,0.24837857346901338,1.412537340459705,105.69762944166033,0.001553973388471802
172,0.42164572904876424,0.469959212539101,65.5118711339807,0.469959212539101,0.020787533553463772,0.24720714864760074,1.4340182385474955,108.69129177775464,0.0015568553519544023
173,0.42249289979284765,0.4696047706173694,68.00391668985763,0.4696047706173694,0.020832582641918975,0.24661967455509373,1.3999874855212573,99.27229943726459,0.0015592067489526853
174,0.4216763926566822,0.2430287333360418,59.047952253703265,0.2430287333360418,0.0015621865063937214,0.47281303723820267,1.323889524741392,101.33513428739951,0.019502970816518896
175,0.42248606713347453,0.2421225808671298,60.61583072357337,0.2421225808671298,0.0015538721921489825,0.4741592905328399,1.3119181148972905,94.22074572182197,0.0194246768348704
176,0.4239598468593871,0.46557967359138075,63.97325291110209,0.46557967359138075,0.021066290767655198,0.24430709907597425,1.4266219550559163,103.22516601526878,0.0015663119878859084
177,0.4249426285480987,0.47201110068894825,64.68339574193385,0.47201110068894825,0.021134230557565643,0.24718837250110381,1.427142891142773,101.54654135647714,0.0015639804291168666
178,0.4262737856812153,0.4722096473246466,64.28928513639065,0.4722096473246466,0.021372544745536896,0.24813189792310078,1.4260393207162012,106.07438716770454,0.0015793390467204972
179,0.42733349215386135,0.47400352933808587,66.9080912579653,0.47400352933808587,0.021447207784359396,0.2477386856360315,1.3702166972052572,96.09717236261848,0.0015820129154671687
180,0.42672415254605395,0.4675606666804064,66.92361344036068,0.4675606666804064,0.021408208798272352,0.24338752732700394,4.6617583288840585,1111.7073322718172,0.0015796113206772186
181,0.42700180666473014,0.46883201138606045,65.02510756901671,0.46883201138606045,0.021478957951470524,0.24300996819725992,1.3836173572413688,96.5306358180669,0.0015785011303347152
182,0.42662011988849297,0.46982854310140354,66.37792128185555,0.46982854310140354,0.021524434374181646,0.24296505155912096,2.9292505075256523,436.9970673416261,0.001584945269324065
183,0.43133441853791304,0.47700349341509546,65.30620831609188,0.47700349341509546,0.02178861269818113,0.2467912212860399,1.3620091966146708,94.08095151467666,0.001593620348787516
184,0.43174261197178926,0.4786420392405269,61.153325764798986,0.4786420392405269,0.021880110634905806,0.24711305037503575,1.5014064373804503,110.09932067178252,0.0015894738132242931
185,0.4335761259446615,0.47950627145377794,66.34744858550171,0.47950627145377794,0.021929041234920205,0.2469493998452226,1.388118795702859,93.69116222113574,0.0016069977036427693
186,0.43336436387159466,0.24210727044108202,59.48692901843799,0.24210727044108202,0.0016115498648918963,0.4825481583402222,1.2717496989831873,86.35317348572524,0.020456837271330824
187,0.4364531156665921,0.4721131636998603,61.495186943322715,0.4721131636998603,0.02215300866728112,0.24214457487269228,1.3795845932231559,94.98499435974408,0.001634254040552024
188,0.437553428494257,0.4765531325324895,60.17382725021946,0.4765531325324895,0.02219459841489705,0.24273983379210679,1.4310845395837946,100.36788967314317,0.0016068292817480886
189,0.43882859933935414,0.2446225684071812,55.458046306469754,0.2446225684071812,0.0016281251834847146,0.4915175439038332,4.473085344922153,1106.028370668747,0.02081210740305485
190,0.43916236124692876,0.4835083830414562,62.38318580054986,0.4835083830414562,0.022480500465181897,0.24490751161928181,1.392387382185013,97.34735081733156,0.0016322174789165401
191,0.43990756070417164,0.4859855915329854,58.47990940046373,0.4859855915329854,0.022618965549556867,0.24480620698817898,1.423591537156781,103.95110734190595,0.0016457935754075504
192,0.4404805299074753,0.48225745793925506,52.139473073878996,0.48225745793925506,0.02273271742117632,0.24272100965845364,1.6421920483102452,138.11089494114097,0.0016493832260355645
193,0.44160170775889274,0.4802931674400824,61.72343982647412,0.4802931674400824,0.022858449012452466,0.24114528469247598,1.37251842285817,91.53163223834824,0.0016637720355417536
194,0.44403533139100515,0.4826919170412532,59.68314249250991,0.4826919170412532,0.023101885887066704,0.242543236928458,1.3831641360642282,92.3426941174686,0.0016770974893642494
195,0.44588518695177465,0.24508240439257478,52.74581439178683,0.24508240439257478,0.0016670391087588222,0.5011576176199646,2.886970945834851,455.54396191581714,0.02150537440730657
196,0.44816482239772387,0.49370719807796437,59.337669155669445,0.49370719807796437,0.023304052207632684,0.24522328789947623,1.407138870947834,93.33272520972183,0.0016759796124801473
197,0.44937646726321134,0.4958162871802903,57.185926106144294,0.4958162871802903,0.02347851890563958,0.24632169559932815,1.4351597416372681,96.82620628953362,0.0016810682884395528
198,0.45015752352852806,0.24467936579806457,52.786660539030756,0.24467936579806457,0.0016933049301456216,0.5079371862085588,2.883160959803138,442.79992622023605,0.021868282270189172
199,0.4577662762400539,0.5029522725256501,48.97722050944548,0.5029522725256501,0.02420621945608183,0.24829768067771749,1.6787469415972327,139.21049674878387,0.001705536852433765
200,0.45716399014489034,0.5026095063657392,53.40163464405593,0.5026095063657392,0.024275140113976523,0.24679914957662236,1.559578381934105,113.63523569313047,0.0017288850696528014
201,0.45920979325070527,0.5107579027032075,52.47108473155202,0.5107579027032075,0.024509815868589215,0.24815294121466971,1.5791216451819692,115.50435951283565,0.0017112341776786705
202,0.4615723181305385,0.5143078780546235,56.01226753865436,0.5143078780546235,0.024986783985914755,0.24997139061196483,1.40945479722126,94.42027961553906,0.0017389091283180117
203,0.46350718729880214,0.5186301102836957,58.15893053298592,0.5186301102836957,0.02561231068723647,0.2516930734525754,3.0794053722687424,420.83125451480026,0.0017765410394898866
204,0.46492717215016255,0.5255163011806433,46.96214022191847,0.5255163011806433,0.026238427815604752,0.2539463667610756,1.637201459378674,127.46026138511658,0.0017988775332877514
205,0.4668676909770513,0.5304744959151639,46.640049634338524,0.5304744959151639,0.02665681076553163,0.2542373917817855,1.579395799167173,119.76846173509978,0.0018258335929345142
206,0.4666007207842276,0.2536800141059972,50.11225880886349,0.2536800141059972,0.0018146694133776074,0.5418200996457782,4.701483919721684,1075.1516609776643,0.024957413023074113
207,0.4668190042690956,0.537199092411553,57.33256056210564,0.537199092411553,0.02740270232146189,0.2559197194163922,5.04034611287609,1076.065701955485,0.0018461477153041267
208,0.46707559663719783,0.5435630426973143,57.145568882737024,0.5435630426973143,0.027622599038723432,0.25558961882111,1.4274990341224807,85.7226002809222,0.001850089926102142
209,0.4665951135827511,0.5490102624062332,52.64059624539945,0.5490102624062332,0.028073037166113632,0.25675319238919697,1.4842434438520031,96.36099792151865,0.001880307489223834
210,0.46689544027168983,0.553195063468813,54.86100349902204,0.553195063468813,0.028370697335230333,0.2565948495906235,3.230374227024648,421.7216851005821,0.0018974587957474292
211,0.4664617463209763,0.2530354736480465,46.38724926971288,0.2530354736480465,0.0019237710825015597,0.5592999453960419,1.3469452690420656,87.59398257701427,0.026519817571258944
212,0.46954722863738335,0.5497305724723566,54.965832138563435,0.5497305724723566,0.02884333034872585,0.2522957469759266,1.430316934833338,84.92271172201295,0.0019103016332660235
213,0.47562272190603555,0.5544888953426178,53.10347329376703,0.5544888953426178,0.029354144842807874,0.25313756405927457,3.2298612833386517,417.02718302004524,0.0019459748819905323
214,0.47837478918819093,0.566564856347229,53.50028950261864,0.566564856347229,0.029929547010066664,0.25990003020226565,1.4978661549640981,87.26913483861,0.001977786698749171
215,0.4777571086510661,0.5721967759606814,47.44376626666065,0.5721967759606814,0.02997551867376012,0.259573230749415,1.77293243141555,122.2805098122666,0.0019864351462177895
216,0.4779944428409425,0.5753469278395021,54.041116556970316,0.5753469278395021,0.030338578939275596,0.25962150661813,1.5231361584011818,87.42305547142047,0.0019966151118684106
217,0.476131781724982,0.5733471186001909,54.88677969911197,0.5733471186001909,0.03064883196225017,0.2582091578826923,1.4952825277449302,85.42720742530842,0.0020180606838888404
218,0.47690329179619834,0.2584441454552387,45.230493814452295,0.2584441454552387,0.0020261608753204896,0.5881479548408637,1.3907704275280488,86.26532746156214,0.02853447682219877
219,0.47673193558678845,0.5775572498490965,53.49162615463487,0.5775572498490965,0.031083897466246298,0.25726392116054403,1.5352798293363004,87.06664179304353,0.002011487540403385
220,0.4779093972326293,0.25899452634911724,42.195732747985055,0.25899452634911724,0.0020290004425589036,0.5991975445431442,1.5088982764833063,102.33007280159234,0.028950742670907963
221,0.47860720591532424,0.264848430471368,36.116917801345124,0.264848430471368,0.0020854893957072086,0.6080274598566039,3.571577721555625,585.2354119745272,0.029718162325541718
222,0.4783823018530589,0.5962667864304972,51.159142483727116,0.5962667864304972,0.0322340279481133,0.2644198902470212,1.624973394370934,98.7367904564559,0.002073329221162746
223,0.47758377699622295,0.6020663325205374,50.39963957214557,0.6020663325205374,0.03236022597671198,0.26354829959574044,1.631353837172724,92.25455826949246,0.002051574984580029
224,0.47764739591292815,0.5979698661543035,45.28962926293305,0.5979698661543035,0.03269306277857464,0.26163261794702164,1.6774574254038437,109.85718165853336,0.002076702143955012
225,0.47995324042074333,0.5989381203807963,52.47746595353113,0.5989381203807963,0.03286371733976685,0.2614817991939278,1.6048899352957917,88.79387169273447,0.0020922620259817347
226,0.4807018338346259,0.6026350348841666,53.35288573590876,0.6026350348841666,0.033240886574815415,0.26234150027276454,1.5700254481063616,86.87693739106346,0.0021043422351831984
227,0.4823081028966785,0.2675995605187996,37.569382618452686,0.2675995605187996,0.002129190522307689,0.6320681418712848,1.6638231607039577,118.19926626485574,0.03095442884794148
228,0.4809195954336164,0.6170126068482183,52.73718857522854,0.6170126068482183,0.0337375089551876,0.26611974689564616,1.6523123502931405,94.06645900180135,0.0021207714529458506
229,0.48217688029667033,0.6238751448809211,45.062964060472204,0.6238751448809211,0.034019538716642914,0.2660739550752616,1.768792843385724,113.04049930681948,0.002148679219102831
230,0.4821064187044672,0.2660480469279925,39.217823127554446,0.2660480469279925,0.0021886415026751,0.6383520389981259,1.6304625795068808,110.17753798056191,0.0316046961290931
231,0.4829420963070011,0.6210935101167917,49.43769749735789,0.6210935101167917,0.03455622941466967,0.26411492345335985,1.6978527238233276,93.46462849885778,0.0021723544524067545
232,0.4849160973644181,0.624965722971931,40.528046024537545,0.624965722971931,0.034981816115122154,0.26519003494937526,1.9249879203971323,132.86372622809026,0.002194515080599753
233,0.48580303394540925,0.6278913611426966,53.48344800993057,0.6278913611426966,0.03499965113546613,0.26511198674405423,1.6486776795646079,88.26316855088223,0.002196687184427008
234,0.4879472996201427,0.6394829034709644,51.99516253185163,0.6394829034709644,0.035266997339383696,0.2676863298725415,1.7177810913879321,96.08995343425399,0.0022017379887686816
235,0.4881862634674519,0.6412032038959102,54.56312002540833,0.6412032038959102,0.03559756656013363,0.2680975804743487,1.6926878737686752,88.15600276959702,0.0022187909625027502
236,0.48803094652144097,0.6456866691451195,54.254187874203055,0.6456866691451195,0.03588464856309086,0.268392945235531,1.7051942721696334,88.1712217601506,0.0022332978084529803
237,0.48608001663325306,0.6421140535109184,50.23626568908485,0.6421140535109184,0.03590435776639383,0.2656779738108091,1.7276799252932293,97.05982064190857,0.0022320673445347656
238,0.48924285603270107,0.6451334267282556,52.33827829744553,0.6451334267282556,0.03628635296463261,0.26626652870589146,1.7074693963716374,88.50770273311723,0.002252409617139185
239,0.488936610740762,0.6404389404610684,75.99202274010948,0.6404389404610684,0.036173245304280705,0.2636936418332806,1.941027467839503,99.1692174379512,0.0022300982658673713
240,0.49140161016254025,0.6542284969341603,51.04058295057053,0.6542284969341603,0.0367530054238345,0.2676425467593186,1.774618234337628,92.51782399027536,0.0022717768056603545
241,0.4924764329656169,0.6670864704020892,40.222052007303134,0.6670864704020892,0.03722539105389854,0.2708489567074575,2.062890137043564,136.24328301348942,0.0023056177756775676
242,0.49158028374336354,0.2717823171144925,38.458513638139046,0.2717823171144925,0.0023365397867399448,0.6833548307928772,1.6994619686105092,107.1333286364875,0.034205864270379874
243,0.49298365771742503,0.6694193184416205,54.003731423679945,0.6694193184416205,0.037291567903730935,0.27009762774885643,1.806553827411295,91.38648781177858,0.0022823060452736494
244,0.49364001496662124,0.6724815188756215,52.560525454096826,0.6724815188756215,0.03761580608701256,0.27094820565255306,1.7997217176891247,94.82945045937582,0.002296839486460684
245,0.49347177898889955,0.6712535503776609,54.46055204897657,0.6712535503776609,0.03770716254634234,0.2681270839024569,1.78691072917547,89.54748851374713,0.0022846228518929265
246,0.4936572760353531,0.6753011532112928,54.12844399017144,0.6753011532112928,0.03797966246384863,0.26960412803077777,1.7836903036892968,89.82006737234828,0.002310207262712295
247,0.4944233656677123,0.6829805485074597,54.60297127584092,0.6829805485074597,0.03827867507304081,0.2719922703837716,1.8141479543958712,91.01794156807105,0.0023224203422277686
248,0.49372435987510727,0.6848822159095531,54.30095974431383,0.6848822159095531,0.03850572172837154,0.2720830795405996,1.820031073349019,90.3074378589729,0.002321027028260552
249,0.49351504242064576,0.6871370729220997,51.94080189060783,0.6871370729220997,0.03862471015425728,0.27222254164574844,1.8415989428537711,95.68154628775964,0.0023420726023738827
250,0.4934373253533318,0.6886970404639107,54.15455687346854,0.6886970404639107,0.03901300127015613,0.2742904495440683,1.8477365955790286,93.32819221659517,0.002356196992282082
251,0.4932096268557023,0.6922757301804386,53.069862991727454,0.6922757301804386,0.0390194129153963,0.27376981220140967,1.8563952137825328,94.84357842443254,0.002355437709720765
252,0.4924235440049859,0.6899007461653841,51.45374492992003,0.6899007461653841,0.0389057449185934,0.2702713217005181,1.866661329866636,92.92450924204745,0.002341664932756465
253,0.49246558111206734,0.6950130247891014,45.42107558533215,0.6950130247891014,0.03917850136754247,0.2717603386986249,1.9556468000150637,111.33867995362556,0.0023505507069823497
254,0.49365173559537506,0.7003582208110568,48.71012767432166,0.7003582208110568,0.03930950329689942,0.2731039096798172,1.9215118501823292,103.75900505766302,0.0023835880334493104
255,0.4927319641524358,0.701519824934225,53.01416692778122,0.701519824934225,0.03948635213088134,0.2738378824052251,1.8840005476618953,95.32056141990391,0.00236365117992221
256,0.49317598068636864,0.7088450748958098,44.80444099458294,0.7088450748958098,0.03966537481216206,0.27561461927041686,4.260139695816506,513.0936984310321,0.0023936477665224567
257,0.49437780045998514,0.7087420165021885,54.92598479667263,0.7087420165021885,0.039987015414061175,0.2757562032551169,1.9257812167744086,92.64789454653513,0.0023900308015436787
258,0.4931054723670665,0.7039173814540197,53.88635560033769,0.7039173814540197,0.03992343714161445,0.27231363936362346,1.8789778162149555,91.7190697551518,0.0023694433134641975
259,0.4926515156983967,0.7015278345816433,50.48115541449737,0.7015278345816433,0.0400684970047991,0.27117286093830895,1.922293206484242,94.57486900958953,0.002395603163666721
260,0.4933246381899326,0.7084047048517013,41.74767717157705,0.7084047048517013,0.040243389780761384,0.2725303898449101,2.3640757878747327,148.8742508282451,0.002392205101895631
