,R0_25c03,R1_R2_25c03,im_max_25c03,slope_25c03
0,0.2780019078161255,1.308943664108058,0.29299646966779197,-1.426927982342531
1,0.2781630065916817,1.3085989367847184,0.2931720079661329,-1.426744629278295
2,0.27832329184139665,1.308260305681308,0.2933480421227501,-1.4265671575484062
3,0.27848276356527035,1.3079277707978272,0.2935245721376437,-1.426395567152864
4,0.27864142176330287,1.3076013321342757,0.29370159801081364,-1.4262298580916688
5,0.2787992664354942,1.3072809896906534,0.2938791197422599,-1.4260700303648204
6,0.27895629758184426,1.3069667434669605,0.29405713733198247,-1.4259160839723188
7,0.2791125152023531,1.3066585934631971,0.2942356507799814,-1.4257680189141642
8,0.2792679192970207,1.306356539679363,0.2944146600862566,-1.4256258351903563
9,0.2794225098658471,1.3060605821154583,0.29459416525080817,-1.4254895328008952
10,0.2795762869088323,1.305770720771483,0.2947741662736361,-1.4253591117457811
11,0.27972925042597624,1.305486955647437,0.29495466315474034,-1.425234572025014
12,0.27988140041727894,1.3052092867433205,0.29513565589412094,-1.4251159136385934
13,0.2800327368827405,1.3049377140591332,0.2953171444917778,-1.42500313658652
14,0.28018325982236075,1.3046722375948754,0.2954991289477111,-1.4248962408687933
15,0.2803329692361398,1.304412857350547,0.29568160926192066,-1.4247952264854133
16,0.28048186512407763,1.3041595733261477,0.2958645854344066,-1.4247000934363803
17,0.28062994748617426,1.3039123855216779,0.2960480574651688,-1.4246108417216943
18,0.2807772163224297,1.3036712939371375,0.2962320253542074,-1.424527471341355
19,0.2809236716328439,1.3034362985725265,0.2964164891015223,-1.4244499822953625
20,0.2810693134174168,1.3032073994278448,0.2966014487071135,-1.4243783745837169
21,0.28121414167614855,1.3029845965030926,0.29678690417098114,-1.4243126482064181
22,0.28135815640903905,1.3027678897982697,0.296972855493125,-1.4242528031634663
23,0.2815013576160883,1.3025572793133762,0.2971593026735453,-1.4241988394548613
24,0.28164374529729636,1.302352765048412,0.29734624571224183,-1.4241507570806031
25,0.2817853194526632,1.3021543470033772,0.29753368460921475,-1.4241085560406919
26,0.28192608008218883,1.3019620251782718,0.297721619364464,-1.4240722363351275
27,0.2820660271858732,1.3017757995730956,0.2979100499779896,-1.4240417979639097
28,0.2822051607637164,1.301595670187849,0.2980989764497915,-1.424017240927039
29,0.28234348081571836,1.3014216370225318,0.29828839877986973,-1.4239985652245153
30,0.28248098734187904,1.3012537000771438,0.2984783169682243,-1.4239857708563382
31,0.2826176803421986,1.3010918593516851,0.2986687310148552,-1.4239788578225079
32,0.2827535598166768,1.300936114846156,0.29885964091976247,-1.4239778261230247
33,0.28288862576531393,1.3007864665605562,0.299051046682946,-1.4239826757578882
34,0.2830228781881097,1.3006429144948857,0.2992429483044059,-1.4239934067270985
35,0.28315631708506434,1.3005054586491445,0.29943534578414216,-1.424010019030656
36,0.28328894245617775,1.3003740990233328,0.29962823912215475,-1.42403251266856
37,0.2834207543014499,1.3002488356174504,0.29982162831844367,-1.424060887640811
38,0.28355175262088084,1.3001296684314974,0.3000155133730089,-1.4240951439474088
39,0.28368193741447056,1.3000165974654738,0.30020989428585043,-1.4241352815883535
40,0.2838113086822191,1.2999096227193796,0.3004047710569684,-1.424181300563645
41,0.28393986642412633,1.2998087441932147,0.3006001436863626,-1.4242332008732834
42,0.2840676106401924,1.299713961886979,0.3007960121740332,-1.4242909825172685
43,0.2841945413304172,1.299625275800673,0.30099237651998006,-1.4243546454956006
44,0.28432065849480087,1.2995426859342962,0.30118923672420334,-1.4244241898082797
45,0.2844459621333432,1.2994661922878488,0.3013865927867029,-1.4244996154553053
46,0.2845704522460444,1.2993957948613308,0.3015844447074788,-1.424580922436678
47,0.28469412883290435,1.2993314936547422,0.30178279248653106,-1.4246681107523975
48,0.28481699189392307,1.299273288668083,0.3019816361238596,-1.424761180402464
49,0.28493904142910054,1.2992211799013529,0.3021809756194645,-1.4248601313868772
50,0.2850602774384368,1.2991751673545524,0.30238081097334574,-1.4249649637056372
51,0.2851806999219319,1.2991352510276812,0.3025811421855033,-1.425075677358744
52,0.28530030887958574,1.2991014309207394,0.3027819692559372,-1.425192272346198
53,0.28541910431139833,1.299073707033727,0.3029832921846475,-1.4253147486679987
54,0.28553708621736973,1.2990520793666438,0.30318511097163403,-1.4254431063241462
55,0.2856542545974999,1.29903654791949,0.3033874256168969,-1.4255773453146405
56,0.2857706094517888,1.299027112692266,0.3035902361204362,-1.4257174656394818
57,0.2858861507802365,1.2990237736849708,0.3037935424822517,-1.4258634672986696
58,0.286000878582843,1.2990265308976052,0.30399734470234363,-1.4260153502922046
59,0.2861147928596083,1.299035384330169,0.3042016427807119,-1.4261731146200864
60,0.28622789361053236,1.2990503339826622,0.30440643671735645,-1.4263367602823152
61,0.28634018083561513,1.2990713798550846,0.30461172651227736,-1.4265062872788905
62,0.28645165453485677,1.2990985219474365,0.3048175121654746,-1.426681695609813
63,0.28656231470825716,1.2991317602597179,0.30502379367694815,-1.426862985275082
64,0.2866721613558163,1.2991710947919284,0.30523057104669804,-1.4270501562746982
65,0.28678119447753425,1.2992165255440684,0.3054378442747243,-1.427243208608661
66,0.28688941407341095,1.2992680525161378,0.30564561336102686,-1.4274421422769707
67,0.28699682014344646,1.2993256757081366,0.30585387830560573,-1.4276469572796273
68,0.2871034126876407,1.2993893951200646,0.306062639108461,-1.427857653616631
69,0.28720919170599374,1.299459210751922,0.3062718957695926,-1.4280742312879813
70,0.28731415719850556,1.2995351226037088,0.30648164828900043,-1.4282966902936785
71,0.2874183091651762,1.2996171306754252,0.30669189666668467,-1.4285250306337225
72,0.28752164760600557,1.2997052349670708,0.30690264090264524,-1.4287592523081134
73,0.2876241725209937,1.2997994354786457,0.30711388099688214,-1.4289993553168512
74,0.28772588391014065,1.29989973221015,0.30732561694939536,-1.4292453396599356
75,0.28782678177344634,1.3000061251615838,0.307537848760185,-1.4294972053373671
76,0.28792686611091084,1.3001186143329468,0.30775057642925085,-1.4297549523491455
77,0.2880261369225341,1.3002371997242392,0.30796379995659307,-1.4300185806952705
78,0.28812459420831615,1.300361881335461,0.30817751934221166,-1.4302880903757427
79,0.28822223796825697,1.3004926591666122,0.3083917345861065,-1.4305634813905614
80,0.28831906820235653,1.3006295332176927,0.3086064456882778,-1.4308447537397273
81,0.28841508491061496,1.3007725034887025,0.30882165264872535,-1.4311319074232398
82,0.2885102880930321,1.300921569979642,0.30903735546744926,-1.4314249424410992
83,0.288604677749608,1.3010767326905106,0.3092535541444495,-1.4317238587933057
84,0.2886982538803427,1.3012379916213086,0.30947024867972606,-1.4320286564798588
85,0.2887910164852362,1.301405346772036,0.30968743907327895,-1.4323393355007588
86,0.28888296556428844,1.3015787981426927,0.30990512532510817,-1.4326558958560056
87,0.2889741011174995,1.3017583457332789,0.3101233074352137,-1.4329783375455993
88,0.2890644231448693,1.3019439895437943,0.31034198540359564,-1.43330666056954
89,0.2891539316463979,1.302135729574239,0.31056115923025385,-1.4336408649278274
90,0.2892426266220853,1.3023335658246133,0.31078082891518843,-1.4339809506204617
91,0.28933050807193145,1.302537498294917,0.3110009944583993,-1.4343269176474427
92,0.28941757599593637,1.30274752698515,0.31122165585988654,-1.4346787660087708
93,0.28950383039410005,1.3029636518953123,0.3114428131196501,-1.4350364957044457
94,0.28958927126642253,1.303185873025404,0.31166446623769,-1.4354001067344673
95,0.2896738986129038,1.303414190375425,0.31188661521400624,-1.435769599098836
96,0.2897577124335438,1.3036486039453756,0.3121092600485988,-1.4361449727975513
97,0.28984071272834266,1.3038891137352555,0.3123324007414677,-1.4365262278306137
98,0.28992289949730027,1.3041357197450647,0.31255603729261294,-1.4369133641980227
99,0.2900042727404166,1.3043884219748032,0.3127801697020345,-1.4373063818997787
100,0.29008483245769173,1.304647220424471,0.31300479796973235,-1.4377052809358815
101,0.2901645786491257,1.3049121150940683,0.3132299220957066,-1.4381100613063311
102,0.29024351131471837,1.305183105983595,0.3134555420799572,-1.4385207230111279
103,0.29032163045446985,1.3054601930930512,0.31368165792248404,-1.4389372660502713
104,0.29039893606838013,1.3057433764224364,0.3139082696232873,-1.4393596904237616
105,0.29047542815644917,1.3060326559717512,0.31413537718236684,-1.4397879961315985
106,0.29055110671867695,1.3063280317409955,0.31436298059972273,-1.4402221831737825
107,0.29062597175506355,1.306629503730169,0.31459107987535495,-1.4406622515503134
108,0.2907000232656089,1.3069370719392719,0.3148196750092635,-1.441108201261191
109,0.29077326125031305,1.3072507363683041,0.31504876600144843,-1.4415600323064155
110,0.29084568570917596,1.3075704970172657,0.31527835285190964,-1.442017744685987
111,0.2909172966421977,1.3078963538861568,0.3155084355606472,-1.442481338399905
112,0.29098809404937814,1.3082283069749772,0.3157390141276611,-1.4429508134481703
113,0.2910580779307174,1.3085663562837269,0.31597008855295133,-1.4434261698307822
114,0.2911272482863671,1.3089105018130878,0.3162016588366825,-1.4439074075484923
115,0.2911956051158722,1.3092607435610144,0.31643372497836075,-1.4443945265990468
116,0.2912631484196878,1.3096170815295523,0.31666628697848,-1.4448875269846992
117,0.29132987819766215,1.3099795157180196,0.31689934483687554,-1.4453864087046986
118,0.2913957944497953,1.310348046126416,0.3171328985535474,-1.4458911717590448
119,0.29146089717608725,1.310722672754742,0.31736694812849564,-1.4464018161477379
120,0.2915251863765379,1.3111033956029974,0.31760149356172024,-1.4469183418707778
121,0.2915886620511474,1.3114902146711822,0.3178365348532211,-1.4474407489281647
122,0.29165132419991563,1.3118831299592961,0.3180720720029983,-1.4479690373198983
123,0.29171317282284265,1.3122821414673396,0.3183081050110519,-1.448503207045979
124,0.2917742079199285,1.3126872491953125,0.3185446338773818,-1.449043258106406
125,0.29183442949117305,1.3130984531432146,0.318781658601988,-1.4495891905011804
126,0.29189383753657644,1.3135157533110462,0.31901917918487055,-1.4501410042303016
127,0.2919524320561386,1.313939149698807,0.31925719562602944,-1.4506986992937694
128,0.29201021304985947,1.3143686423064973,0.31949570792546467,-1.4512622756915843
129,0.29206718051773917,1.314804231134117,0.3197347160831762,-1.4518317334237458
130,0.2921233344597776,1.315245916181666,0.3199742200991641,-1.4524070724902542
131,0.2921786748759749,1.3156936974491444,0.32021421997342836,-1.4529882928911098
132,0.2922332017663309,1.3161475749365523,0.3204547157059689,-1.453575394626312
133,0.2922869151308457,1.3166075486438893,0.32069570729678576,-1.454168377695861
134,0.2923398149695193,1.3170736185711558,0.320937194745879,-1.4547672420997568
135,0.29239190128235165,1.3175457847183518,0.3211791780532485,-1.4553719878379996
136,0.2924431740693428,1.318024047085477,0.32142165721889443,-1.4559826149105892
137,0.29249363333049266,1.3185084056725316,0.32166463224281666,-1.4565991233175257
138,0.29254327906580135,1.3189988604795155,0.3219081031250152,-1.457221513058809
139,0.29259211127526885,1.319495411506429,0.3221520698654901,-1.4578497841344393
140,0.29264012995889505,1.3199980587532716,0.3223965324642413,-1.4584839365444164
141,0.2926873351166801,1.3205068022200437,0.32264149092126887,-1.4591239702887402
142,0.29273372674862386,1.3210216419067453,0.32288694523657274,-1.459769885367411
143,0.2927793048547265,1.321542577813376,0.323132895410153,-1.4604216817804285
144,0.2928240694349878,1.3220696099399363,0.3233793414420095,-1.461079359527793
145,0.29286802048940797,1.3226027382864258,0.32362628333214244,-1.4617429186095043
146,0.29291115801798684,1.3231419628528447,0.3238737210805516,-1.4624123590255627
147,0.2929534820207245,1.323687283639193,0.3241216546872372,-1.4630876807759676
148,0.292994992497621,1.3242387006454708,0.3243700841521991,-1.4637688838607195
149,0.29303568944867625,1.3247962138716778,0.3246190094754373,-1.4644559682798182
150,0.29307557287389024,1.3253598233178143,0.3248684306569518,-1.4651489340332637
151,0.29311464277326305,1.32592952898388,0.32511834769674275,-1.4658477811210562
152,0.2931528991467946,1.326505330869875,0.32536876059480996,-1.4665525095431955
153,0.29319034199448496,1.3270872289757998,0.3256196693511535,-1.4672631192996817
154,0.2932269713163341,1.3276752233016536,0.32587107396577336,-1.4679796103905147
155,0.293262787112342,1.3282693138474368,0.3261229744386696,-1.4687019828156946
156,0.29329778938250867,1.3288695006131495,0.32637537076984213,-1.4694302365752214
157,0.29333197812683415,1.3294757835987916,0.32662826295929104,-1.4701643716690949
158,0.2933653533453184,1.3300881628043628,0.32688165100701627,-1.4709043880973154
159,0.29339791503796137,1.3307066382298636,0.3271355349130178,-1.4716502858598828
160,0.29342966320476316,1.3313312098752939,0.32738991467729567,-1.4724020649567968
161,0.29346059784572376,1.3319618777406532,0.3276447902998499,-1.473159725388058
162,0.2934907189608431,1.3325986418259421,0.32790016178068043,-1.4739232671536657
163,0.2935200265501212,1.3332415021311603,0.3281560291197873,-1.4746926902536204
164,0.29354852061355813,1.333890458656308,0.32841239231717057,-1.475467994687922
165,0.2935762011511538,1.3345455114013849,0.3286692513728301,-1.4762491804565705
166,0.29360306816290827,1.3352066603663912,0.32892660628676595,-1.4770362475595658
167,0.2936291216488215,1.335873905551327,0.3291844570589782,-1.4778291959969079
168,0.2936543616088935,1.336547246956192,0.3294428036894667,-1.4786280257685969
169,0.2936787880431243,1.3372266845809866,0.3297016461782316,-1.4794327368746327
170,0.29370240095151384,1.3379122184257104,0.32996098452527284,-1.4802433293150155
171,0.2937252003340622,1.3386038484903635,0.3302208187305904,-1.4810598030897448
172,0.29374718619076934,1.3393015747749462,0.3304811487941843,-1.4818821581988213
173,0.2937683585216352,1.340005397279458,0.3307419747160545,-1.4827103946422446
174,0.2937887173266599,1.3407153160038994,0.331003296496201,-1.4835445124200146
175,0.29380826260584336,1.34143133094827,0.3312651141346239,-1.4843845115321317
176,0.2938269943591856,1.34215344211257,0.3315274276313231,-1.4852303919785956
177,0.2938449125866866,1.3428816494967994,0.33179023698629867,-1.4860821537594062
178,0.2938620172883464,1.3436159531009582,0.3320535421995505,-1.4869397968745637
179,0.2938783084641649,1.3443563529250464,0.33231734327107876,-1.4878033213240682
180,0.2938937861141423,1.3451028489690637,0.33258164020088327,-1.4886727271079194
181,0.2939084502382784,1.3458554412330108,0.33284643298896416,-1.4895480142261175
182,0.2939223008365733,1.346614129716887,0.3331117216353214,-1.4904291826786624
183,0.29393533790902693,1.3473789144206927,0.3333775061399549,-1.4913162324655542
184,0.2939475614556394,1.3481497953444277,0.3336437865028648,-1.492209163586793
185,0.29395897147641065,1.348926772488092,0.333910562724051,-1.4931079760423784
186,0.29396956797134066,1.3497098458516856,0.33417783480351354,-1.4940126698323108
187,0.29397935094042943,1.3504990154352088,0.33444560274125246,-1.4949232449565901
188,0.29398832038367695,1.3512942812386612,0.33471386653726765,-1.4958397014152163
189,0.29399647630108333,1.352095643262043,0.33498262619155916,-1.4967620392081893
190,0.2940038186926484,1.3529031015053543,0.33525188170412706,-1.497690258335509
191,0.2940103475583723,1.353716655968595,0.3355216330749713,-1.4986243587971757
192,0.294016062898255,1.3545363066517648,0.3357918803040918,-1.499564340593189
193,0.29402096471229644,1.3553620535548643,0.3360626233914887,-1.5005102037235496
194,0.29402505300049664,1.3561938966778928,0.3363338623371619,-1.5014619481882567
195,0.29402832776285565,1.3570318360208509,0.33660559714111143,-1.5024195739873107
196,0.29403078899937346,1.3578758715837385,0.3368778278033373,-1.5033830811207118
197,0.29403243671004997,1.3587260033665551,0.33715055432383956,-1.5043524695884596
198,0.29403327089488535,1.3595822313693013,0.3374237767026181,-1.5053277393905542
199,0.2940332915538794,1.3604445555919769,0.33769749493967294,-1.5063088905269957
200,0.29403249868703235,1.3613129760345817,0.3379717090350042,-1.507295922997784
201,0.294030892294344,1.362187492697116,0.3382464189886117,-1.5082888368029193
202,0.2940284723758144,1.3630681055795797,0.3385216248004956,-1.5092876319424013
203,0.29402523893144367,1.3639548146819727,0.3387973264706558,-1.5102923084162303
204,0.29402119196123166,1.3648476200042952,0.3390735239990923,-1.5113028662244061
205,0.2940163314651784,1.365746521546547,0.3393502173858052,-1.5123193053669286
206,0.294010657443284,1.366651519308728,0.3396274066307944,-1.5133416258437982
207,0.29400416989554834,1.3675626132908385,0.3399050917340599,-1.5143698276550146
208,0.2939968688219714,1.3684798034928785,0.34018327269560183,-1.5154039108005777
209,0.29398875422255333,1.3694030899148477,0.34046194951542,-1.5164438752804879
210,0.29397982609729395,1.3703324725567463,0.34074112219351455,-1.5174897210947447
211,0.29397008444619344,1.3712679514185742,0.34102079072988545,-1.5185414482433484
212,0.2939595292692516,1.3722095265003316,0.3413009551245326,-1.5195990567262991
213,0.2939481605664686,1.3731571978020183,0.3415816153774562,-1.5206625465435966
214,0.2939359783378444,1.3741109653236343,0.34186277148865607,-1.5217319176952409
215,0.29392298258337896,1.3750708290651799,0.34214442345813223,-1.522807170181232
216,0.29390917330307226,1.3760367890266547,0.3424265712858848,-1.52388830400157
217,0.29389455049692437,1.3770088452080589,0.34270921497191364,-1.524975319156255
218,0.2938791141649353,1.3779869976093924,0.3429923545162189,-1.5260682156452867
219,0.2938628643071049,1.3789712462306554,0.34327598991880043,-1.5271669934686654
220,0.2938458009234334,1.3799615910718477,0.3435601211796583,-1.5282716526263909
221,0.29382792401392055,1.3809580321329693,0.34384474829879247,-1.5293821931184632
222,0.2938092335785666,1.3819605694140205,0.34412987127620304,-1.5304986149448823
223,0.2937897296173713,1.3829692029150007,0.3444154901118899,-1.5316209181056484
224,0.29376941213033486,1.3839839326359105,0.3447016048058531,-1.5327491026007611
225,0.2937482811174572,1.3850047585767498,0.34498821535809265,-1.533883168430221
226,0.2937263365787383,1.3860316807375181,0.34527532176860853,-1.5350231155940275
227,0.29370357851417817,1.387064699118216,0.3455629240374007,-1.536168944092181
228,0.2936800069237768,1.3881038137188435,0.3458510221644692,-1.5373206539246813
