,R0_25c04,R1_25c04,C1_25c04,R2_25c04,C2_25c04,R3_25c04,Wo1_0_25c04,Wo1_1_25c04,C3_25c04
0,0.2981382850239404,0.42553731681365564,0.0005490391055147007,0.42553731681365564,0.04058829721084783,0.3866485660886402,2.199445061298217,171.22353040966246,0.004523144187710903
1,0.3012828186865006,0.4380113547227979,0.004729370831696632,0.4380113547227979,0.04029465296108619,0.23838316441046228,2.247409120576166,170.75720406891608,0.0005417690370692938
2,0.30231591525554513,0.4411455927819119,0.004775021392083248,0.4411455927819119,0.04045571764349382,0.2422604367514954,2.2755499548817704,171.94573044966873,0.0005412469256279547
3,0.303288503930225,0.4440216648917341,0.004741772927465495,0.4440216648917341,0.040226151823192946,0.24052406705637167,2.3059208907201625,173.20139231061296,0.0005408061631687844
4,0.30376435516127603,0.44485276962497006,0.004722312361628897,0.44485276962497006,0.040371265931729974,0.23914177623416794,2.2021082050511387,157.75782795336625,0.0005401429177533309
5,0.30473078639861007,0.4425297973416258,0.004805362666653166,0.4425297973416258,0.040539416558448435,0.24004524867270813,2.2724275431952803,170.17867808760744,0.000548492483395705
6,0.30440474458842043,0.44327391594229576,0.004755399648173546,0.44327391594229576,0.04076526685472237,0.23808552238094682,2.25518042468313,167.34116876330725,0.0005455019755662688
7,0.3048626308625537,0.4466555596095769,0.004873236226020147,0.4466555596095769,0.041703031864702846,0.2429249179110398,2.304772394669474,170.2049627808971,0.0005511573851237
8,0.30528141270046893,0.45006875827048354,0.004923974752999306,0.45006875827048354,0.042007592712529705,0.24494749618703018,2.25706181094483,159.4243587702397,0.0005527691103974817
9,0.30563535056498564,0.4529772138575084,0.0049253445859878744,0.4529772138575084,0.04202190744356396,0.24395687762840504,2.2849421382952655,166.64957765734331,0.000558554282925524
10,0.30474045168256475,0.44786715153972223,0.004890570484955775,0.44786715153972223,0.041709046177549995,0.24090490014333268,2.338227783872919,173.08044775820676,0.0005556670108133745
11,0.30501330186053366,0.44651785500442104,0.004863909902478267,0.44651785500442104,0.04159505644626161,0.237593243977246,4.610389927784426,658.5869900002434,0.0005571172487244644
12,0.3051406860929054,0.44886866028515143,0.004968747556973257,0.44886866028515143,0.04243588164406665,0.24185797881077117,2.323457273180519,170.73238698004297,0.000558686716187015
13,0.3050285985799339,0.4519333272852146,0.0049611808818028225,0.4519333272852146,0.04233676716828067,0.24067912773684072,2.2418520993369504,159.01925902001906,0.0005602225438726452
14,0.3050738082338028,0.45291462268902927,0.00497328080646636,0.45291462268902927,0.04228420731080544,0.24000907066929572,2.3619614105442346,173.0545150868434,0.0005639513979762366
15,0.30490102218187265,0.45396274458443214,0.004979119554618971,0.45396274458443214,0.04270393124408257,0.24030745780205487,4.516360616380062,627.8493465358308,0.0005641279987468823
16,0.30438799724884796,0.4441888877816616,0.0005663026708826203,0.4441888877816616,0.04287382790106383,0.3847748694170444,2.237285663174947,159.601580245546,0.004759072800056655
17,0.30557833158639874,0.4448999322587784,0.005085682404505406,0.4448999322587784,0.04335874224204259,0.23804454093642244,2.3272376031120534,171.37905301086144,0.00057368139127753
18,0.30527023700882716,0.4494322032813827,0.005125295598183903,0.4494322032813827,0.04366357325232607,0.24028134164893514,2.2535031780184607,159.55092512189705,0.0005716814008516744
19,0.3053289922156849,0.4529690454675733,0.005104406977823751,0.4529690454675733,0.04329592716484567,0.2394893166722512,4.6874252976864845,673.0685289191946,0.0005761574903021515
20,0.3041498930044716,0.4538997453645825,0.005091603915201076,0.4538997453645825,0.043583235300116804,0.2395547870430048,2.34480297411933,169.3725969853318,0.0005751146444113597
21,0.3044471083976791,0.4449283459736667,0.0005724819594035099,0.4449283459736667,0.04428467302926547,0.38440738501837046,2.2899205244451495,160.10712365333998,0.004885598971776242
22,0.30470936638199586,0.44212423091930425,0.0005795824364018584,0.44212423091930425,0.044369383422015754,0.3803553050720281,2.234494966865733,157.0929479273253,0.004881127000368597
23,0.3051109235683772,0.44385323104671903,0.0051997213428266326,0.44385323104671903,0.043964407992263074,0.23528594740801603,4.6326976449597534,653.31702097764,0.0005860242899987366
24,0.3042715809099717,0.45087346270347134,0.0051558572368325725,0.45087346270347134,0.043916180593189275,0.236375931539557,4.625863924764474,659.9203385841101,0.000578520446820764
25,0.3046555344452699,0.4510629317375677,0.005185692109606364,0.4510629317375677,0.04421435101992424,0.23600677491353964,2.347627360568303,170.5349857410485,0.0005803984900870098
26,0.3051038385048157,0.4480606264921937,0.0005905328245832327,0.4480606264921937,0.04463673760635359,0.37877693455027567,2.347799078544885,171.96119574004888,0.004952093001878979
27,0.3050484206869253,0.4476319771934572,0.005259206202276747,0.4476319771934572,0.04472775886861419,0.23525811594995938,2.334665701125854,165.2304216475075,0.0005881299885948602
28,0.305284368928666,0.4460955944118179,0.005280709758423336,0.4460955944118179,0.04493081864152666,0.2341278835660894,2.3272832709516016,169.69110587691006,0.0005934674425810008
29,0.30557590333727996,0.45453370023058975,0.005269606829722399,0.45453370023058975,0.04482786036790544,0.2355986885376196,4.675729796804098,664.8874288936643,0.0005888158999377137
30,0.30559398440454183,0.4560476761388339,0.005320717054265294,0.4560476761388339,0.04509823333331966,0.23741655204735548,2.339944973220766,163.2591248998383,0.000593805602543337
31,0.3061136620610923,0.4653927688001533,0.0053383127137537284,0.4653927688001533,0.04541027748948381,0.23990708460005858,2.2934311865450883,159.8649037456914,0.0005936597193441196
32,0.3065456520726923,0.4700300573107034,0.005330788707162081,0.4700300573107034,0.04531768811840011,0.24001796552951407,2.3924022116953307,170.35500579392027,0.0005907629799997134
33,0.3053308613623357,0.459138949117363,0.0052972161057829766,0.459138949117363,0.04529041225683459,0.235256946140587,2.33286932179786,166.95146651362498,0.0005918000249258385
34,0.3063595677581438,0.4510467022768959,0.0006023250725484061,0.4510467022768959,0.04613941800296642,0.37757003570134673,2.2610078289317483,157.2596772670216,0.005106607822653814
35,0.3062258051167212,0.46151937496479345,0.005391221455309213,0.46151937496479345,0.04562132628748926,0.23644455016362217,4.764249182508257,673.4338127054114,0.0005965679264245597
36,0.3055770056134776,0.46742796379993984,0.005387337725101349,0.46742796379993984,0.04567202277029565,0.2380675544593238,4.706097129208448,660.7581777021225,0.0005987423725670722
37,0.3056513519132276,0.46863561977083373,0.005379467805640999,0.46863561977083373,0.04535359278505413,0.2377303821963783,4.800360224653578,673.5393203965541,0.0005979243255053173
38,0.3056947875601971,0.4620474636167112,0.0006017529928857441,0.4620474636167112,0.046504554999882305,0.3814922206482238,2.3018470301900065,157.57885694690484,0.005139182552265682
39,0.3057283192429328,0.46269298155771954,0.005438362045718083,0.46269298155771954,0.045833806870443174,0.23459823632325943,4.640226652755539,654.3807435823012,0.0006041323474128569
40,0.3063032284220955,0.45967297735715545,0.005445993863764192,0.45967297735715545,0.0457369384619819,0.23275552237142286,4.763956553689048,674.1425795962401,0.000610644735475561
41,0.30637276113428547,0.46200751852881033,0.005545643424893384,0.46200751852881033,0.046622612771720376,0.23594272243026454,2.3483874006935017,162.56610116702439,0.0006122191732776719
42,0.30605172569967426,0.4646780604662432,0.00550151948542207,0.4646780604662432,0.04646936051094299,0.2355085115345122,4.71315317444352,663.4987254668382,0.0006063801843347409
43,0.30619187355030686,0.46448999664534024,0.005507672329462064,0.46448999664534024,0.046524785407657636,0.23474664587600033,4.74350260060697,667.2264613372996,0.0006088809542122294
44,0.3059442855430149,0.46358970173372965,0.005476561218015767,0.46358970173372965,0.046414955405990305,0.23191613432257321,4.541481531811111,622.9179129747151,0.0006088188943606041
45,0.3056315764824094,0.4517939100417611,0.00552879277013608,0.4517939100417611,0.04655047425539171,0.22893974705492864,4.653434553389104,660.0992162380511,0.0006201165806232832
46,0.30491016681025396,0.45158757906799507,0.00554231554505773,0.45158757906799507,0.04648507704544355,0.22892062713431982,4.644929309182276,657.2325714604916,0.0006146696956314508
47,0.30542261057620745,0.4532949380154743,0.005588804610322391,0.4532949380154743,0.04683580461070356,0.2305080195047162,2.3698857149262085,166.57834532502034,0.0006211320312902057
48,0.3053107493384681,0.4555332798689631,0.00553516610452918,0.4555332798689631,0.04688531700319516,0.22885170418532583,4.679650480366297,664.1124538366765,0.0006140719311643725
49,0.3049975533998253,0.4564108784425007,0.005577330906119334,0.4564108784425007,0.04680132818381899,0.22927464172403528,2.2575140722960803,154.7585235767168,0.0006211139600968636
50,0.30478977099700094,0.45564907403933735,0.005500379183496618,0.45564907403933735,0.04648922900565024,0.22647730785818243,2.409863238854786,172.61312727966322,0.0006144672874645762
51,0.30469846861397043,0.4557248520571432,0.00558176755587932,0.4557248520571432,0.046808319605889104,0.22778301702047146,4.609792583339873,652.7422481607288,0.0006163656411545017
52,0.304960254169714,0.45461624562542163,0.005604986459623907,0.45461624562542163,0.04730930522124262,0.22786902646300947,2.3082231428554523,159.33594652491843,0.0006210904674710062
53,0.3049576719293013,0.45274485003552006,0.0006188082794492924,0.45274485003552006,0.0474743735281512,0.3616289289455502,2.346505595782011,168.5970543445667,0.005278348082780723
54,0.3054477687914439,0.45783446712841813,0.0057023402174361795,0.45783446712841813,0.04765835802499789,0.23046081755878448,4.690989088152162,662.7042101887573,0.0006272813522731478
55,0.3056082889917564,0.46006394351513347,0.005687841556124855,0.46006394351513347,0.04734438340053943,0.2292976536204563,4.702394174489649,663.5736408853829,0.0006244699170022135
56,0.30576454920031704,0.45903937570665154,0.005624132376462125,0.45903937570665154,0.04712080168452087,0.22552106736061284,2.2619663330417916,155.8250736600581,0.0006253659822715183
57,0.30514592411004493,0.45851321807753054,0.005664702513293338,0.45851321807753054,0.04739135710389352,0.2269179795637599,2.377715039391079,170.82773127572543,0.000625927001511155
58,0.30545417906640765,0.45718663573542384,0.0006340290696765505,0.45718663573542384,0.048053137876988256,0.35974959473806717,2.2666275070568327,155.79539587661557,0.005383797320030892
59,0.30504139118274337,0.46003597173199273,0.0006278077238075683,0.46003597173199273,0.048313237682879207,0.3624827599657797,2.3485948875262284,168.04525005343382,0.005381419471765134
60,0.3054167285648841,0.46465020259756096,0.00577447451008962,0.46465020259756096,0.047806745107111005,0.2298399218188705,2.3859754831861633,169.75180817119048,0.0006311223425594245
61,0.30573354486015736,0.4622172147436058,0.000635101976602557,0.4622172147436058,0.048100068848906725,0.36034873928544764,2.3793375428385706,169.17525010250856,0.005402505611603692
62,0.3057519554249512,0.4689100058988586,0.0057508695035543185,0.4689100058988586,0.04790107124301977,0.23006581659885816,4.7253945313853025,668.4378711813016,0.0006314591887947741
63,0.3065748998249708,0.46082894508332944,0.0006388745358609267,0.46082894508332944,0.04864487476459205,0.36125726228846694,2.345253596327763,166.9077518375218,0.0054443895074103915
64,0.30615896537825105,0.4738583413252884,0.0006330290782844214,0.4738583413252884,0.048129106787791184,0.36493832916473773,2.3928947699761336,168.56204415071196,0.00540523709567985
65,0.3071120076956987,0.4815039545508174,0.0006358556293756092,0.4815039545508174,0.0487165237213317,0.37091845669930773,2.4063927521553667,170.32333500849788,0.005496509519191164
66,0.30717556941233914,0.4889553674064157,0.005786208457739361,0.4889553674064157,0.04798345413477573,0.23454621836832196,2.42590269456179,169.88918476133085,0.0006334329014950084
67,0.3076390117376702,0.48076071113956936,0.005966806265284338,0.48076071113956936,0.04910816190870936,0.23540773215514435,2.3120405452511403,157.42673586520144,0.0006444837245060696
68,0.3057241393409366,0.4701211665949684,0.005709954273145357,0.4701211665949684,0.04772083538608238,0.22518471782176444,2.429709057571863,173.14544465633824,0.0006311092635171036
69,0.30655166507525167,0.47126262275560105,0.000638236812980538,0.47126262275560105,0.048320069156610246,0.36127890994698464,2.3925197869258983,169.10348855409612,0.005424596757099639
70,0.30793043105861934,0.4916408200997122,0.005825145864978071,0.4916408200997122,0.04824091333697914,0.2332206940489906,2.4404173484649765,171.8501552998864,0.0006373992900527507
71,0.3075958869350896,0.49505612986018355,0.0058625355343081146,0.49505612986018355,0.04835418127561053,0.23515465372437508,2.424223282507992,164.72390619177094,0.0006353034693224498
72,0.3079567355889522,0.4968008639437986,0.005885330291837608,0.4968008639437986,0.04878905077724714,0.2357338520033901,2.3650297396340902,162.01677589639812,0.000640616508748771
73,0.3076759057474832,0.47904425855231103,0.0006468400577673045,0.47904425855231103,0.04861627763088167,0.36375164337237625,2.440746601368633,170.74424786284524,0.005556027030648635
74,0.30666466321700037,0.4692150488623305,0.0006465413045414073,0.4692150488623305,0.04873778348408134,0.3576161775834943,2.3988745233152615,171.4072725880037,0.005484430665340687
75,0.30658001516337835,0.4740277226770937,0.0058895328789517025,0.4740277226770937,0.04845048514916015,0.22672624434147673,2.351824474833308,161.07600193328724,0.0006479295245523239
76,0.3073046105734222,0.4900283549605784,0.005955064883630608,0.4900283549605784,0.04878786750656561,0.23231431918463696,2.3458143212628233,157.76920216224954,0.0006444613508878006
77,0.3073164291043276,0.49643845286529226,0.005876427113946134,0.49643845286529226,0.04829534696903501,0.23235232325187327,2.445411881670318,171.11670241932785,0.0006413650546577151
78,0.30837915917841024,0.4972945077042291,0.005954338077513172,0.4972945077042291,0.048633229495003844,0.23301360813274952,2.431264350000353,169.3524450397623,0.0006491870305039357
79,0.30681097056264345,0.4786318550915993,0.0006484090833130891,0.4786318550915993,0.048969698593378644,0.3600849905109123,2.3988719974168173,169.09806895887397,0.005566807261805155
80,0.30700946559831915,0.4802923945839838,0.005956545644659644,0.4802923945839838,0.04864713280028787,0.22637027650537223,2.292445107133013,156.38440443505775,0.0006513228606197552
