,R0_25c02,R1_25c02,C1_25c02,R2_25c02,C2_25c02,R3_25c02,Wo1_0_25c02,Wo1_1_25c02,C3_25c02
0,0.30603279477761713,0.41653248272795745,0.004243202219709865,0.41653248272795745,0.031162224606136674,0.2303359197404299,2.0897142824164203,173.44617620306803,0.0005287905092452006
1,0.30983911469318454,0.4207031525541967,0.004231950328770961,0.4207031525541967,0.031396373997855345,0.23400184026207355,2.083183719431045,172.14308978631405,0.0005237048648422388
2,0.31104105428352413,0.4219216129982907,0.0042229233183347144,0.4219216129982907,0.03151891822569866,0.235025367607311,2.09083836875482,170.72039789200952,0.0005196596953982192
3,0.31181315208937116,0.4261604892128568,0.004224361486134356,0.4261604892128568,0.031528907862788946,0.2363324791866614,2.1081707264015295,171.08738536249518,0.0005190550224521599
4,0.3134530981902392,0.4253016492509674,0.004312968591805824,0.4253016492509674,0.03216774117183259,0.23924772589614865,2.034258430999718,158.7034260170606,0.0005259601916833619
5,0.31247024214759533,0.43058672847370316,0.004204405278417944,0.43058672847370316,0.031325216098423814,0.23663539986389223,2.115783303060381,170.68042225986113,0.0005203461255464097
6,0.3118914388692396,0.43006648153783544,0.0042456665162174554,0.43006648153783544,0.031931100845195376,0.23797964146617306,2.060269759291863,162.67587894186607,0.0005181307303394486
7,0.31241315959403954,0.42917531783890905,0.004224504758201043,0.42917531783890905,0.03192177404027485,0.23602476936074906,2.1163881814907217,171.36736874740285,0.0005236823484299983
8,0.31189092015767594,0.4274999920292992,0.004246098562765285,0.4274999920292992,0.032266495746954456,0.23602460816003346,2.151166776094392,172.23995350820763,0.0005209981357682177
9,0.3122113743450705,0.4283677448519075,0.004254197899690874,0.4283677448519075,0.032542093633236915,0.23609748085563595,2.051848751812588,159.57664553830512,0.0005252062056655847
10,0.31258255336634977,0.4297452130540618,0.004282279881918421,0.4297452130540618,0.032476196632941795,0.23648704039499474,2.117205973047913,167.8359326368386,0.0005300316862721831
11,0.3123657181485533,0.4295116450496993,0.004324402036761547,0.4295116450496993,0.03280741302559955,0.23751037948146617,2.100688278102317,167.1025611660032,0.0005304255900832197
12,0.3125067642641641,0.4312457271963643,0.004303716594212209,0.4312457271963643,0.03275545902686553,0.23641125732643153,2.1602698860857226,170.31628501412558,0.0005302912528519044
13,0.3121335800105889,0.4316543928268706,0.004312026207430939,0.4316543928268706,0.03288370399798332,0.23644171949500348,2.165647475932809,172.84026323147106,0.0005275558596181595
14,0.3119784651752313,0.4269483069168107,0.0005358180510398631,0.4269483069168107,0.033459247566734726,0.3816210514858297,2.058912398973241,159.32629140063847,0.004170539937458723
15,0.3121432359657095,0.4314155337253315,0.004353847568989019,0.4314155337253315,0.03314356201198403,0.23567226107011466,2.1332798317509756,169.06125997315362,0.0005316931558516886
16,0.31229618091316014,0.4315254218002209,0.004304352155319129,0.4315254218002209,0.03307425698627967,0.23300248749389096,2.1354915067799367,170.02691388187782,0.0005340081038196345
17,0.3118315534555354,0.42480645955888713,0.0005378812719410399,0.42480645955888713,0.03409802062774172,0.3800974504954471,2.0550892520425244,156.5872107474519,0.004184821738782045
18,0.31172127676551026,0.426223074426134,0.0005387076532731625,0.426223074426134,0.03415849507386317,0.3807478091196752,2.1276057759086937,167.5482808102798,0.004207327075056911
19,0.3123531976911166,0.4307201056192282,0.004449055512843877,0.4307201056192282,0.03417802287222137,0.23661776562800046,2.089637078535519,163.1629164898475,0.0005432420734882454
20,0.3120707606107805,0.42781319468339163,0.00448180527565495,0.42781319468339163,0.034414592601683926,0.23706227243566116,2.140019893933889,169.00887025217273,0.0005452417479041345
21,0.31208115079335297,0.4314232717139247,0.004417171576246502,0.4314232717139247,0.03419265753474675,0.23518289400123557,2.151861902444148,170.79166336086746,0.0005393712197399005
22,0.31286835431759846,0.43361535935816836,0.00443650792771181,0.43361535935816836,0.03412315228647522,0.23538019488685158,2.1544523704916267,170.55427323061772,0.0005424105739991988
23,0.31285587088241207,0.432084125792443,0.004463929071088526,0.432084125792443,0.0343336828158891,0.23504477843485946,2.134286697992316,164.7287958870244,0.0005452284971782808
24,0.31165477434927846,0.43342809357799417,0.0044242601088918775,0.43342809357799417,0.034319798051916206,0.2338095329582727,2.1576675266912986,170.7866084889511,0.0005415169742075669
25,0.31197748191984237,0.43132361322193463,0.00450727950978315,0.43132361322193463,0.03486290126972532,0.23599614469790053,2.1624596616246046,170.3080644523117,0.0005455157937506117
26,0.3125862547057881,0.42827848649231226,0.0045181223839086395,0.42827848649231226,0.03499667321696283,0.23393349935445507,2.164385907024833,169.58441818561013,0.0005496513108374262
27,0.31208017633303087,0.42812078393088715,0.004527432907042967,0.42812078393088715,0.035019288404930383,0.23351396991823734,2.136198350974269,166.80565345522885,0.0005516694455039528
28,0.3126428737231787,0.43221200789336084,0.004516583813801557,0.43221200789336084,0.03511544116443199,0.23362176751568828,2.1226448596249576,166.21604054164632,0.0005474247096488727
29,0.31268434449533344,0.43216108018634386,0.004552617371715775,0.43216108018634386,0.0353536702632732,0.23409067529298141,2.1164291118868888,160.85904426467403,0.0005529927345699945
30,0.31202401512379324,0.4325173760366571,0.004552008413256991,0.4325173760366571,0.03559728604961249,0.23425085301491963,2.087726140106026,160.10673019865897,0.0005493726662372562
31,0.31235465801410384,0.43425934869673255,0.004516561356999321,0.43425934869673255,0.03515745629248347,0.23258269195383813,2.1610158239371366,169.75100615018306,0.0005523861656682125
32,0.3119321155979365,0.4303656111317291,0.0045851293179392134,0.4303656111317291,0.03587455612548244,0.2343013699091413,2.1311731690611055,167.08769425191954,0.0005530651171136461
33,0.3134204551955384,0.4315852270749772,0.0046148739124047605,0.4315852270749772,0.03604271282280469,0.2337620993852628,2.1062120856962094,162.62063256340247,0.0005582593275990146
34,0.31256871604777137,0.43063962386501486,0.004624504925746579,0.43063962386501486,0.03593292943399221,0.23354770569956834,2.1889277186195644,170.801094322502,0.0005566566014180867
35,0.3129687263728626,0.42960000277775756,0.00467818136251014,0.42960000277775756,0.036565859467915754,0.23436302565200268,2.14781117354966,166.6961812430326,0.0005617245971026412
36,0.31292770034970546,0.43508328646786704,0.004627351544651613,0.43508328646786704,0.03604670620545246,0.23332258138931067,2.1616578274334364,168.7752971346698,0.0005605053995984029
37,0.31236033266947694,0.43296598441690276,0.004626129953698968,0.43296598441690276,0.036396159184819414,0.2329137456139003,2.0933254709757616,159.35942889562145,0.0005567971744617501
38,0.3126845236157869,0.4306721945948385,0.004658142589459146,0.4306721945948385,0.0365843652222151,0.23268288129172846,2.130138173514582,162.30954562947798,0.0005593707834343536
39,0.31260419626444663,0.4282404510902424,0.00470687173524346,0.4282404510902424,0.036583586367195386,0.23261225780905084,2.1643582685432965,169.91267100877337,0.0005649106740893956
40,0.31226385740551205,0.42918019797795637,0.004650586103005403,0.42918019797795637,0.03654264751294796,0.23073115332592128,2.1813771266165873,168.73857068774728,0.000561996870357644
41,0.31218053533868506,0.43108727401153213,0.00467473979005411,0.43108727401153213,0.03672035553897835,0.23170027642152255,2.1654976763668383,170.2953835730957,0.000564001814425035
42,0.3118693380945833,0.433529362143149,0.004666647233181269,0.433529362143149,0.03669962352019307,0.231594884425544,2.160856418033046,167.45932537574723,0.0005609156254575249
43,0.3121165092839855,0.43382584581850203,0.004646113744293788,0.43382584581850203,0.036632011664342275,0.23064265623239358,2.1790584909715167,170.52736275975548,0.0005641319498330235
44,0.31251685082319935,0.4324651818775034,0.0047065912335949546,0.4324651818775034,0.03706905805336978,0.2313923231128423,2.161619384636572,167.958945520637,0.0005666149287498521
45,0.31222569012645923,0.43370738830896477,0.00464934238324851,0.43370738830896477,0.036917129152270314,0.22962873979359963,2.1598091869777556,168.87341069945498,0.0005635910432993809
46,0.3122266088455026,0.4331784447170008,0.004734086785080524,0.4331784447170008,0.03729230209806198,0.23198958002248704,2.154412000622362,167.26300368992463,0.0005658547937940542
47,0.3120990475891396,0.43287876941708575,0.0047217965279814375,0.43287876941708575,0.03730228047959008,0.2302675687024049,2.162860094173838,167.1597900784172,0.0005646108755988095
48,0.3111974500779649,0.3518666027064727,0.0005623881667452089,0.3518666027064727,0.00442279609723196,0.4527349363770696,2.145929373362406,169.76087358795556,0.031605877138393954
49,0.3120318199168826,0.4346934385354209,0.004716005965355827,0.4346934385354209,0.03715941316485096,0.2288563022459268,2.1842225941998494,171.78932260695296,0.0005672906199778502
50,0.31252296541833485,0.43102307278443,0.0047389115437626,0.43102307278443,0.0375976362440264,0.22881700346957592,2.1791701510401076,171.41659242192713,0.0005708447222818679
51,0.3116950654223168,0.43099346428353796,0.004713924266119277,0.43099346428353796,0.03742154572315921,0.2280759326222498,2.1946232468038662,169.47071679806444,0.0005694851762831462
52,0.31232738495233475,0.4328411260596664,0.004768479409092001,0.4328411260596664,0.03761091949550555,0.22836430928794657,2.1257427488338605,159.26415902000153,0.0005738592169860524
53,0.3117323155553598,0.43299853080871614,0.0047726275730157,0.43299853080871614,0.0378161970297115,0.22909127790890993,2.185217586827808,170.71174607738513,0.0005681544410574481
54,0.31184322896754796,0.4318888336151233,0.004802605687632171,0.4318888336151233,0.038026764491258115,0.22914022395684347,2.2003343789470664,169.89904365727128,0.0005733325762488662
55,0.3117754856772927,0.4305212128672131,0.00477264277621739,0.4305212128672131,0.03790666484351447,0.22724427021130184,2.2006471871568936,171.33552696963497,0.0005748435685760584
56,0.3125768614490322,0.4331750966052942,0.004816017416088224,0.4331750966052942,0.0382361239317677,0.2281155965301429,2.127445402288597,162.8426891806741,0.0005789466512355046
57,0.31136075238655253,0.4334761400379629,0.0047965974171788215,0.4334761400379629,0.03832473698227035,0.22876318909924784,2.1857460854319695,170.04750601603956,0.0005693950491132457
58,0.31231597392907245,0.43441372730223987,0.004833892271851475,0.43441372730223987,0.03835023412725923,0.22875688209110043,2.1709241473376117,164.08062594898996,0.0005781018693334607
59,0.3122390984438185,0.43018325528433043,0.0005781098669971648,0.43018325528433043,0.03872939083422386,0.3587511839075453,2.209749622492968,172.27086680932578,0.004588962027638434
60,0.3123223383474008,0.4347586675155873,0.0048367820986232645,0.4347586675155873,0.038486682309326226,0.22763767373015603,2.1816436737758793,168.48692763191005,0.0005765432023886771
61,0.31264159496986726,0.43479531104994906,0.0048520928105066094,0.43479531104994906,0.03853118392858551,0.22739500004816818,2.1345375526340393,159.9944584585073,0.0005797853132054237
62,0.31281490242641213,0.4343555453169833,0.0048640211267054366,0.4343555453169833,0.03902835481990009,0.22776595639507843,2.1496565622987553,161.11792862323153,0.0005797543384092645
63,0.31214613695675425,0.4371707826576944,0.004865025527440559,0.4371707826576944,0.038511088187479524,0.22842949948413468,2.193281778837366,169.7838211199561,0.0005805488923827834
64,0.31243754413571156,0.4324425196790624,0.0005821948728554902,0.4324425196790624,0.03913228181262758,0.35737946756851674,2.2054697506408574,168.83927476289807,0.004642234449860648
65,0.311631224607625,0.436531361565841,0.004850929145422436,0.436531361565841,0.038880616201543254,0.2273074762765199,2.2184246941102104,170.28634273305553,0.0005754553554508226
66,0.3121601532818139,0.4356909058385543,0.004903054212362076,0.4356909058385543,0.03919313827741908,0.22754740055720565,2.184619740029836,169.67279382316914,0.0005815455096604031
67,0.3122526311137684,0.4353211254783835,0.004909755858066581,0.4353211254783835,0.03898229960584302,0.2266865411104745,2.197659750099728,169.90668857080416,0.000579650897815555
68,0.3122069313890844,0.43109734161690316,0.0005844209193502487,0.43109734161690316,0.03984189903929442,0.35477701974910153,2.168953304810547,165.90299305157527,0.004698214987752955
69,0.3125351202787379,0.4365471481658465,0.004948377102766926,0.4365471481658465,0.039484098732973046,0.22798791880732713,2.179209941127155,166.34692051345098,0.0005863746370379218
70,0.31269568120865054,0.4353401606210674,0.0005852224170996778,0.4353401606210674,0.03947085483778424,0.3533764614527029,2.1980953423899066,169.56516413445783,0.004665384916508476
71,0.31348527743236965,0.436400283247836,0.005018083253226511,0.436400283247836,0.039962069977052955,0.22789018030600758,2.1877279563809036,169.63944625960488,0.0005933171487578629
72,0.3123797676755123,0.43741649831241175,0.005001298722394364,0.43741649831241175,0.03957234067491344,0.22789715933398452,2.1990178283105144,169.49193010160437,0.0005879629659524341
73,0.31295890571717666,0.4353951408291604,0.005039143473836185,0.4353951408291604,0.04001505972980583,0.2275889090003014,2.1761453100537147,168.4626643495818,0.0005919017781829885
74,0.31276359979215257,0.43853196952368223,0.004994027897191369,0.43853196952368223,0.03961626152864154,0.22650327260747039,2.184958440923148,167.51837663022778,0.000588062062586991
75,0.31286873694333744,0.43697948125732033,0.0049693108941531085,0.43697948125732033,0.039818063802759894,0.22535275545152214,2.219772763569426,168.8511589162426,0.0005872664271769794
76,0.3131622791752848,0.43947836960764697,0.004993888105058633,0.43947836960764697,0.039938520968324745,0.22623927712175046,2.1124934137813525,156.8763163373144,0.0005921769645518217
77,0.31272012186909726,0.438988135429354,0.004987284187972539,0.438988135429354,0.03997040146471442,0.22536746274295064,2.184153255033808,166.71221649473472,0.0005885321085156169
78,0.31274073015468556,0.43388259343325386,0.0005950208112814004,0.43388259343325386,0.04037930929386578,0.34905502556312346,2.2221190050091035,171.19561792869024,0.004796106320134952
79,0.31302512767340823,0.43745384284495054,0.005022655742225716,0.43745384284495054,0.04019945440498927,0.22537972873305656,2.232003402126875,172.0833665591133,0.0005915037111550659
80,0.31371239556746255,0.4395227147182675,0.005066254839686647,0.4395227147182675,0.04022572852227423,0.2259873884512666,2.194973188835269,167.44034149043404,0.0005970994417305646
81,0.31305096245912045,0.4375671368100628,0.005066928301787342,0.4375671368100628,0.040606311980459664,0.22611000992986974,2.1683553998511673,166.27965314119223,0.0005947685396175803
82,0.3128220080312985,0.43301424662504895,0.000595966640635001,0.43301424662504895,0.040818264607989686,0.34673506771796325,2.1136416332935353,157.90789741910498,0.004813195686892361
83,0.31212833895674413,0.4370836812231162,0.005069194375550995,0.4370836812231162,0.0408142113859739,0.22486659724327762,2.1906345709617647,166.55642538214795,0.0005896948568809969
84,0.31217370829885577,0.43999129986976115,0.005073391118708722,0.43999129986976115,0.04042022588791162,0.22465380808713672,2.214302968163401,169.39140221020546,0.0005918981069521833
85,0.3130046191048963,0.43873970051571,0.00503709889862013,0.43873970051571,0.04049194180954232,0.22336866345504203,2.2336374416906914,172.24602553855632,0.0005961335752330206
86,0.31290364715715274,0.43880720464503564,0.005077899387223489,0.43880720464503564,0.04083151897910632,0.22398455844365658,2.1458304480071457,158.67405954195655,0.000594888045604576
87,0.3141291114143947,0.44308829141177175,0.005107849392668468,0.44308829141177175,0.04095969420122151,0.22644300270774217,2.187590307306722,162.40287787907474,0.0005939870679101838
88,0.31543371333796794,0.4399523366435647,0.0006061265691095545,0.4399523366435647,0.04145367894725162,0.3475293783304984,2.188508700555558,162.5499895159805,0.0048785343239754
89,0.3149283587445618,0.4467589484511087,0.005116154134750769,0.4467589484511087,0.04097704672195672,0.22548965435922316,2.1396179981662877,158.5101237677911,0.0005989173126596233
90,0.31516818458298185,0.44617720236881486,0.005155497659691239,0.44617720236881486,0.040951809232137426,0.22596870896966095,2.2235392784857195,170.29426487240016,0.0006004017376933939
91,0.3147501131647934,0.44319554489077206,0.005173774328510207,0.44319554489077206,0.04143090265422703,0.22542830789486387,2.207891688896279,167.59908223039528,0.0006038520734886276
92,0.313839821820976,0.4439985902449693,0.005111580454912927,0.4439985902449693,0.04101676821175626,0.2245644646454349,2.241119339386347,169.4415127691793,0.0005951769348890203
93,0.3145423818433186,0.4449475216893725,0.005154425438706259,0.4449475216893725,0.0412358803075785,0.22455522350209084,2.139515098939429,159.63144697407213,0.0005998280032400524
94,0.3144738766565704,0.4408643799554656,0.005207261500984951,0.4408643799554656,0.04137830145674636,0.22381726712675468,2.197457102080032,166.34823376216931,0.0006033357077339601
95,0.3149116902132476,0.4446471379899476,0.005209087536508626,0.4446471379899476,0.04154001571625422,0.22466670648230821,2.140703881454868,159.11892938953932,0.0006056865721814503
96,0.31455141593387664,0.44607822870173225,0.005192146994243276,0.44607822870173225,0.041335561391134305,0.22431477060535418,2.240449245970619,170.9858827948783,0.0006050070534203853
97,0.31411970546759244,0.44459215021128984,0.0051557490297988885,0.44459215021128984,0.04128797279044851,0.2228806326133872,2.208393504175548,167.66377307699474,0.000598643340967699
98,0.314703575560751,0.44729760607605695,0.005136958566132024,0.44729760607605695,0.041288386016898916,0.2223350374599343,2.1417032346562075,156.48649475164652,0.000599575422778245
99,0.31457280519537567,0.44634445533773465,0.005196539755502626,0.44634445533773465,0.04165507808129028,0.2238281169721636,2.2157337350364643,169.4043099967521,0.000601556564238513
100,0.3149699459833142,0.4483476688716174,0.005215320748732142,0.4483476688716174,0.04169360595185277,0.22396112279518204,2.22900305126613,170.98930775100982,0.0006071296941869791
101,0.3146784858906363,0.44890208759642075,0.005206491651567769,0.44890208759642075,0.04154179453557442,0.2243100105389259,4.457140001406897,664.991216657133,0.0006016635044981018
102,0.3148707447606657,0.4504982994565766,0.005230411063361227,0.4504982994565766,0.04175241106564205,0.22410853838200462,2.212803451109734,166.57462098969023,0.0006058847148983198
103,0.31371881137024354,0.44635158570150796,0.005153388396234489,0.44635158570150796,0.04175619246422015,0.22164690956097424,4.427741727399269,656.8866840528608,0.0005965551737117138
104,0.3151812839156199,0.44726826735561487,0.005271699053672481,0.44726826735561487,0.04220676590839189,0.2232061004551452,2.200334912296883,166.89245770417992,0.0006072887415606422
105,0.3156900407121734,0.4421099869542492,0.0006093886768097136,0.4421099869542492,0.0419537276468672,0.3370645737936801,2.2357415872227566,170.72987172762456,0.004911839848188454
106,0.31510616497641863,0.4447345827022776,0.005288670514093518,0.4447345827022776,0.04250304197882046,0.22274284561462288,2.1510452603581185,160.0754902489242,0.0006082846221092589
107,0.31443332585411654,0.4414067065660236,0.0006058868592655271,0.4414067065660236,0.04245167611315818,0.3363256975646247,2.2478039948785065,170.47296484550438,0.004951242815971145
108,0.3147079550010647,0.44665482393793393,0.005229247497955985,0.44665482393793393,0.042234930834684346,0.2210666851018756,2.1570203325692168,158.11822500074567,0.0006054837408747272
109,0.3154136728910249,0.4447140986836397,0.005279574497640048,0.4447140986836397,0.042180468610026944,0.22083983860935275,2.208848789427053,167.66922343163753,0.0006144146137709921
110,0.31608225487724834,0.44967883902900807,0.00529164917289923,0.44967883902900807,0.04243066243822567,0.22235540763578154,2.2223557323329532,167.61568512580428,0.0006118039662947399
111,0.3153332668844575,0.4463829898495244,0.0006094716645526767,0.4463829898495244,0.042590872880438134,0.33586366962014425,2.2270862482315947,168.9080343321641,0.005006354639441434
112,0.3158164440459092,0.4521658741395343,0.005308240550539091,0.4521658741395343,0.04238060038998734,0.22272291863381405,2.240833833224352,170.9438164657867,0.0006156446092178419
113,0.3154671416758326,0.4537956507660374,0.005344750304446529,0.4537956507660374,0.04269839706489296,0.22353219207971473,2.1576767228974014,159.32232084746946,0.0006064347448710538
114,0.31570429526093113,0.45486800440783837,0.00527416624281525,0.45486800440783837,0.04242790771917498,0.22159436406232028,2.239021521436596,171.08716769116404,0.0006096425610892544
115,0.3153431023757941,0.45091858325780265,0.00529116905304648,0.45091858325780265,0.042418239262547196,0.22167781095534975,2.2675784721668464,171.8917891026839,0.0006106873669422764
116,0.31576564279612784,0.44591106288867205,0.0006157464846833163,0.44591106288867205,0.04314084988189355,0.33380773995972096,2.214206086237332,164.1152140567566,0.005069301486074649
117,0.3156480598558022,0.45187002823925937,0.0053274598719310305,0.45187002823925937,0.04275063691689268,0.22125283357248637,2.1438222025395905,157.3025134945582,0.0006112873262909299
118,0.31565952910916906,0.45066806134581544,0.0006157164992943035,0.45066806134581544,0.04262643010324818,0.3319701923624139,2.228232041035307,168.66242706587803,0.005013323987120126
119,0.31556572835718405,0.45381454306340324,0.005270322317584668,0.45381454306340324,0.042515780356780324,0.21975610588917555,2.269887044169849,173.12457732453518,0.0006117499103039612
120,0.3154226624046727,0.4491537768069187,0.0006140921120755045,0.4491537768069187,0.04320856426056414,0.33428241592208474,2.1932467961803996,160.63023531302136,0.004991594509982823
121,0.3156440412328676,0.4524190393636923,0.00530227297337108,0.4524190393636923,0.04271200247180913,0.219153342870501,2.2018809243025883,165.9274487148547,0.0006135181398361395
122,0.3160829986243983,0.4508426276048868,0.00539392822832817,0.4508426276048868,0.043215487976462144,0.22074594755496912,2.1619857152992026,156.76753509432274,0.0006172936387714381
123,0.3158084605618251,0.4496999556034755,0.005415444577622922,0.4496999556034755,0.043304948165101755,0.22056771749210813,4.426348504535607,661.0669811252112,0.0006146667825236647
124,0.3159657654476375,0.4523205664239401,0.005385492021063767,0.4523205664239401,0.04299682901762323,0.21960342909041364,2.225466956364833,166.29704062322176,0.0006200076395329599
125,0.3166567551432176,0.45210257939892057,0.005465761683868393,0.45210257939892057,0.04343359557527003,0.22085829106243643,2.2701281733385783,170.606269621273,0.0006218289913696782
126,0.31595382465866595,0.45407255487244497,0.005394792576344797,0.45407255487244497,0.043322006324631755,0.22023874755436454,2.2416786502275654,169.0869409218099,0.0006167370270042986
127,0.31606506538251344,0.45263264497891964,0.005424117629101943,0.45263264497891964,0.04343705327576548,0.21962050024295426,2.235481425241979,167.50873920674005,0.0006214542231426928
128,0.31613774415547735,0.4535305693244788,0.005364083610143178,0.4535305693244788,0.04313760880418419,0.21832698188984928,2.243545634883748,170.63051048949984,0.0006175698887105522
129,0.31526746784221943,0.4499450169830699,0.005406028581058402,0.4499450169830699,0.043371477893063365,0.21879700520343182,2.245576546189549,166.1061293953103,0.0006176422270052211
130,0.315679988766258,0.45247573785815964,0.005379023294611087,0.45247573785815964,0.043620700406395325,0.2182659972262854,2.251019302321502,170.14447626640631,0.0006172654681316239
131,0.31583357005857676,0.4551773998563077,0.0054354475907746,0.4551773998563077,0.0433299562449563,0.21936030330769327,2.1681519529615243,159.81296187635053,0.0006193998336235447
132,0.3159839390781516,0.4510444896426215,0.0006258165024113759,0.4510444896426215,0.043809141793975506,0.32676246831688,2.241716879557655,170.0607197493169,0.005134210385445418
133,0.3157482648446067,0.45547224988437796,0.005422912520229377,0.45547224988437796,0.043489867460600934,0.218300609245842,2.1489802833314817,155.84259302736717,0.0006204942207370578
134,0.3161748441832427,0.45558437635624477,0.0054503622957116455,0.45558437635624477,0.04344927556916918,0.21841248268410537,2.153307679723883,156.86067256877007,0.0006199811328848234
135,0.3157071811316254,0.45424495957989963,0.005464346434143804,0.45424495957989963,0.04358980696052586,0.2185381974099529,2.220874808755699,166.3771099439699,0.0006219780880837314
136,0.31532822825940726,0.45611326229732185,0.005426892443917585,0.45611326229732185,0.04370590783751027,0.21805491722428103,2.227515732189695,165.58619439070137,0.0006218038329622056
137,0.3157578157136157,0.45742769393512595,0.00543362730594275,0.45742769393512595,0.043527778340859406,0.21795424118027742,2.2473985630927165,169.64089761356635,0.0006239208681906854
138,0.3154809062017696,0.45763981053312036,0.00544819441772126,0.45763981053312036,0.04369957128529645,0.21835550440981663,2.2304385548818924,165.99232251684862,0.0006194002059319035
139,0.31624069940693317,0.4559644339123076,0.005547086513547644,0.4559644339123076,0.04415577672859436,0.21901439911728918,2.242942470734721,168.35304510245942,0.000626406037107315
140,0.3154561166541442,0.4560200332079375,0.0055125666724212255,0.4560200332079375,0.04374563319969575,0.2189034388785378,2.2619770430160844,169.93371818637215,0.0006225207027378227
141,0.31585345558787775,0.4567293639898405,0.005489857308444993,0.4567293639898405,0.04391526864050801,0.21727418691334957,2.2291803282875597,166.0861316066032,0.0006200030191305086
142,0.31570833534508813,0.4587192844633655,0.005503385455171542,0.4587192844633655,0.043910465592578274,0.2181217058736584,2.2416053601209804,168.19394642946887,0.0006219587185332943
143,0.3153731952398155,0.45832101570522915,0.0054967352065562036,0.45832101570522915,0.04413068686195599,0.21771164302781007,2.150677006878802,155.048034212262,0.0006215779342801109
144,0.3163488223813959,0.4586212911295226,0.0054641267523928925,0.4586212911295226,0.043890945835376914,0.2163372451808957,2.2385546107380767,164.2219916053284,0.000627603785915066
145,0.31558310884556506,0.4571735007223245,0.0055383867085733165,0.4571735007223245,0.04443412537954134,0.2177404295235669,2.1759740111075017,159.8455091183933,0.0006258600919055251
146,0.315486057785697,0.4592794811644147,0.005460714474732033,0.4592794811644147,0.043967012851730505,0.21596775918160419,2.2588211671696548,170.54852652952155,0.0006174563634762429
147,0.31561258752336985,0.45926177959302633,0.005519353490642389,0.45926177959302633,0.04410437072316138,0.21732741211858242,2.150990840359038,154.68967711936526,0.0006241111823114489
148,0.3161268805184798,0.45987171668193333,0.005504836474248614,0.45987171668193333,0.044217963542240425,0.21604506702515675,2.143400970595824,153.1437825636103,0.0006282320706431199
149,0.31646333492745393,0.4595809349563458,0.005565994090665703,0.4595809349563458,0.044329540778367114,0.21706598831346172,2.242061312498806,168.83761790277987,0.0006321133286398612
150,0.3163466733261542,0.46026011271034656,0.005616310781836535,0.46026011271034656,0.0443674569829117,0.218003862455068,2.244127305492721,166.99340012204593,0.0006298726192561453
151,0.3149226460847041,0.4603460716261757,0.005535766810387593,0.4603460716261757,0.04426736189117384,0.21734032295628575,2.179243677934761,156.3799580672484,0.0006211630937701751
152,0.3157646764245225,0.45871173467326193,0.005583813943508825,0.45871173467326193,0.04435156575301419,0.21706576913386424,2.244093358612746,166.94276242764838,0.0006249804739364456
153,0.3157488487470108,0.45874953364144005,0.005557364847138743,0.45874953364144005,0.04434459315484233,0.2160943238056035,2.2388717916584264,166.94915686506778,0.0006267560740798989
154,0.3157281162820571,0.4580879908047379,0.0006293113926952147,0.4580879908047379,0.04477516357664211,0.3188766683168275,2.2445882633320258,169.27631803661345,0.0052637321968077334
155,0.3161018421690666,0.463542107328315,0.005535879959176414,0.463542107328315,0.04428692727587722,0.21524281302272336,2.2468205536362897,167.393752126376,0.0006285889785563627
156,0.31607103959536226,0.45833599018350524,0.0006318958326210579,0.45833599018350524,0.045100926424953544,0.31875318226432636,2.257372350012935,170.2249365864627,0.005304153175046806
157,0.31604560595457926,0.4599652161398958,0.005599956643865044,0.4599652161398958,0.044621826438702605,0.21583781191240461,2.274341410641777,168.83369270613068,0.0006276078334278713
158,0.3152601896648918,0.4590454605276413,0.0006263880686626042,0.4590454605276413,0.044879845388391564,0.31779065018591457,2.2585734359916856,170.6337934699028,0.005219269955960183
159,0.3166511777680769,0.45939792420447156,0.0006329815401979694,0.45939792420447156,0.04488450883702017,0.31684814769720027,2.2531165344150126,168.93356139654,0.005262656454450605
160,0.3161255599047073,0.46549098420475105,0.005582643807192808,0.46549098420475105,0.044650395517116574,0.21577205543136607,2.2562193045408527,168.05003817168233,0.0006281096983331355
161,0.3165328414031406,0.46471444057430333,0.005660095417467083,0.46471444057430333,0.04475976990974745,0.21681529977355204,2.2743392387873755,170.20366303969362,0.0006322089645392141
162,0.31623034088328533,0.46364825392770265,0.005673606931140998,0.46364825392770265,0.04483637576423608,0.21687930426472438,2.293720266626079,171.16353580970744,0.0006299909243516672
163,0.31678127567000325,0.4638822771127602,0.0056713079248285935,0.4638822771127602,0.04495346715050604,0.21578084148124563,2.2441214869737953,166.26085275774665,0.0006381922653051145
164,0.3165162287979764,0.46346640273583384,0.0056873091518116975,0.46346640273583384,0.044969826968985514,0.21579371244903145,2.1915638855682045,160.86709084928145,0.0006338192310319021
165,0.3165448557488532,0.46470364978143486,0.005638775317531772,0.46470364978143486,0.04489870853633797,0.21486276050324388,2.248815892129587,166.68912811221182,0.000634912375843758
166,0.31636164166842345,0.46608132604066765,0.00565273704702802,0.46608132604066765,0.04485911755155925,0.2154912814635415,2.2767622036258466,170.12394160373475,0.0006315514725915946
167,0.31717214262503207,0.4672279725121166,0.005706938449931729,0.4672279725121166,0.04502476616017287,0.21608652353833513,2.2604683908493297,168.26149238263707,0.000636022471488406
168,0.3170766806955946,0.4670609188798472,0.0057039427884001195,0.4670609188798472,0.04504458168679391,0.21609911337325607,2.2653276488630723,168.46232138099947,0.0006365839201420099
169,0.3166868754195944,0.46553840001506286,0.005767146533460493,0.46553840001506286,0.04513020422697833,0.21669686011173708,2.24131782533388,167.54972129255702,0.0006384670877011009
170,0.31685309961707075,0.4661517236659525,0.005705328074996566,0.4661517236659525,0.045141135344915186,0.21534768434818619,2.172041005669209,157.44723492965696,0.0006328398446281596
171,0.3165805242037945,0.4636575828611474,0.0006394975488828751,0.4636575828611474,0.04552047413937266,0.3128321502104864,2.1545103733645425,153.99575988797045,0.005372064852056009
172,0.31683420863798245,0.4690734993771243,0.0057253587142220815,0.4690734993771243,0.045190691907838955,0.21573246005519633,2.1649707298195424,153.93534896910214,0.0006360478918497886
173,0.3162333150129327,0.4709825493129362,0.005644976770260731,0.4709825493129362,0.04496407671835987,0.21498399607591373,2.3047332139222916,171.77975522569326,0.0006274013438209088
174,0.3167431203683499,0.46975054045529974,0.005718280811602985,0.46975054045529974,0.045449807673242686,0.21527742623588755,2.2079325648989085,157.94251455815487,0.0006359762137400628
175,0.31631290686306446,0.4697309677914253,0.0056921224664379785,0.4697309677914253,0.0452366773995581,0.21477647378654946,2.1893750134169223,159.5784291507361,0.0006345039046812191
176,0.31609465900403527,0.4663079418549847,0.005696002352163871,0.4663079418549847,0.045340342057530215,0.2134442844649409,2.233073377472314,166.10421202072513,0.0006306854310119431
177,0.3168507870395697,0.4665011670906227,0.005731158564223377,0.4665011670906227,0.04532653142089653,0.21373938068629555,2.267220619821332,170.55991435939598,0.0006415661607578135
178,0.3163466169241336,0.4670004441974556,0.005749736562768576,0.4670004441974556,0.04539383532261915,0.21397087415133298,4.466688958127511,643.7829838804668,0.0006348148067297281
179,0.31662392346229234,0.46546097308319456,0.0006400389948661904,0.46546097308319456,0.04576611581153986,0.31077679044917383,2.207713400196249,161.66725061720226,0.005382707379861118
180,0.316270961235688,0.47086751982239305,0.005677285195553469,0.47086751982239305,0.0451875955573728,0.21305683525662972,2.252460274716205,166.10641672046722,0.000634668593980112
181,0.3165899866235314,0.4711804486274584,0.005759652582474331,0.4711804486274584,0.045214783611083276,0.21426506659300376,2.257321102952602,167.07139512345782,0.0006375267077432866
182,0.31656554758195443,0.46928804248553113,0.005728052568171549,0.46928804248553113,0.045267000756286514,0.21278989411033558,2.1869791812309836,158.59991666251327,0.0006389848880664895
183,0.31691902327158067,0.46985304605388206,0.005748096924389443,0.46985304605388206,0.04544724383730169,0.21306712828981686,2.2560717271119217,166.3566872963156,0.0006411872174620101
184,0.31661866920086856,0.4725209421173851,0.005717450501442506,0.4725209421173851,0.04542479266646631,0.21327323829115508,2.2429317265938513,166.45445330413725,0.0006349025659081399
185,0.3169487577605407,0.47200483996156484,0.0057367612784663315,0.47200483996156484,0.04547062188332795,0.21277198749176532,2.2542003653027978,167.66444043523958,0.0006396596599630571
186,0.31632655353904604,0.47185566742859403,0.005764573175377245,0.47185566742859403,0.04537441222293579,0.2134586375219821,2.3081602991192454,172.20272046362095,0.0006345843760862042
187,0.31660861070771557,0.46960538514247296,0.005827715785223229,0.46960538514247296,0.04546724312850029,0.2133911171594486,2.2499954899161794,165.34412127209765,0.000643244155747824
188,0.3167130360561253,0.4689095287993914,0.0057334624207113685,0.4689095287993914,0.045350202440542754,0.21132143910032497,2.286373762938318,168.25999521266232,0.0006385091071503354
189,0.3171386345575525,0.4678762642493985,0.005862781059262988,0.4678762642493985,0.045862781532128416,0.21306598037081076,2.203583790000041,161.66314953990448,0.0006428182236409252
190,0.3169561510612162,0.46796106635857554,0.005840834790606577,0.46796106635857554,0.045871009846457735,0.2121927500087538,2.2595632027724,167.56136294536793,0.0006453100835363569
191,0.3166434657367029,0.46900988909033065,0.005796216070850866,0.46900988909033065,0.04584922716411645,0.21190195526435243,2.267611064759965,168.7966601169158,0.0006434042172768484
192,0.3159825670351303,0.47004131614195876,0.0058013405881854226,0.47004131614195876,0.04579504128590113,0.21227453159673168,2.224514328984723,159.2581675163413,0.0006399659211589612
193,0.3157289695773847,0.46901544292271613,0.005767291567602077,0.46901544292271613,0.045483323279601175,0.2107919599613532,2.242410677693909,161.77286029574555,0.0006371074811362991
194,0.31670767387796567,0.4695293701426666,0.005839777826369039,0.4695293701426666,0.045992103125430596,0.2114475566726555,2.23233109164421,164.98320983551022,0.0006428528915237936
195,0.31738619722422523,0.47297448170280504,0.00585575538674522,0.47297448170280504,0.046015977749428276,0.21282829321686483,2.2764679270304566,169.94043345614998,0.0006473361426819217
196,0.31607629656478836,0.4741538471917667,0.005706240432592926,0.4741538471917667,0.045705937877785985,0.2103746378899764,2.2400442697542577,160.0044023649129,0.0006302022814586753
197,0.3174320193485614,0.4765312633303398,0.0058792932403824456,0.4765312633303398,0.04606032516102541,0.21350299140536794,2.2798401936367543,168.4106133592433,0.0006433569076661629
198,0.3164645664038817,0.48110527652083707,0.0057769733809469315,0.48110527652083707,0.045730282946451525,0.21347921366491376,2.3181844620749312,171.1921070885693,0.000634574935676335
199,0.31697285520247487,0.4726291744267093,0.0006403663022521242,0.4726291744267093,0.04628190177789733,0.30529333407000786,2.251665753944642,164.46430120001585,0.005483288115210512
200,0.31754003866868863,0.4732187262592136,0.005917638870571122,0.4732187262592136,0.0461420499210819,0.212490897958042,2.167464431536594,152.86875474476022,0.0006466069763923545
201,0.3169983703596961,0.4744561485799384,0.005813594583832473,0.4744561485799384,0.04596243924101895,0.21111632552991574,2.2620135950179425,168.0558055056949,0.0006410745084799389
202,0.3172793749288394,0.48049828662443195,0.005844862787994306,0.48049828662443195,0.0458770174134516,0.21299633231879733,2.2920284237312267,170.32968082094965,0.0006402621372714744
203,0.31759564239577454,0.479662981823626,0.005953619034058141,0.479662981823626,0.046080117789724165,0.21478243035619132,2.3148086564203356,172.51765178423736,0.0006395780406979828
204,0.3171949500809658,0.48236980496219495,0.0058912220781534436,0.48236980496219495,0.04621371016244078,0.21462657227103915,2.255333000690851,161.36387049911482,0.0006358001644913456
205,0.3181270574520338,0.4804457983178185,0.005807757242104736,0.4804457983178185,0.045844430244580306,0.21124186913324663,2.3257730435028283,171.8501488479437,0.0006408194994214393
206,0.31785794536142603,0.47805807679733925,0.005804900378840195,0.47805807679733925,0.04600689241230102,0.210278363228746,2.2790972790195014,169.63389001250633,0.0006440791724149484
207,0.3178872824771275,0.47802718350580053,0.005866039859482719,0.47802718350580053,0.04620198547634719,0.21075007334347112,2.217170099189552,161.57552140970165,0.0006441371095380486
208,0.31808194204352436,0.48052074136943057,0.005869854768016162,0.48052074136943057,0.04610625283353186,0.2116631870977812,2.3269658996799856,171.71240996577347,0.0006435912906246216
209,0.31718819608230764,0.48255239276133105,0.00581315089448171,0.48255239276133105,0.04622686370190979,0.21175996944977885,2.2633580827468993,167.05140795643865,0.000634998544195192
210,0.3177571644674823,0.48146342446675455,0.005924823635699383,0.48146342446675455,0.046424258392122,0.2126544676122602,2.2648371061452583,167.1897017705896,0.0006470788760724344
211,0.3177315549423263,0.47942790418300063,0.0059295630720323424,0.47942790418300063,0.046499925949027014,0.2121505038620464,2.2850884006157144,169.81683019457114,0.0006449217320614223
212,0.3164193309222816,0.46874490735821567,0.005938293771648047,0.46874490735821567,0.04607680409316523,0.20908534806785686,2.265866984642295,168.1588175990731,0.0006470055003735365
213,0.3163080035785408,0.4717341714461778,0.0058711924782474684,0.4717341714461778,0.04609243440119341,0.20776480939603778,2.161642556121406,153.75654462467836,0.0006396196624314797
214,0.3172724425049242,0.4732127354388863,0.005954978520700537,0.4732127354388863,0.046226908684374776,0.20883874051455795,2.252750822824249,167.69414609000827,0.0006495748859815621
215,0.3167298943681817,0.4721527014596309,0.0059664297899620815,0.4721527014596309,0.04648677494647958,0.20847681069207116,2.163801631715482,154.42953476492076,0.0006478770415586031
216,0.3164200008999847,0.47386493600969204,0.005856622945739629,0.47386493600969204,0.04593252548846392,0.20721800559964548,2.2640371902383696,167.09810886270557,0.000644002623061645
217,0.3171168349218892,0.47319711488329413,0.006012511726078453,0.47319711488329413,0.04649100710546982,0.2090196548913261,2.261431104035507,168.6728211691928,0.0006527243399634179
218,0.31684121373982227,0.4729020805760007,0.006022012263850119,0.4729020805760007,0.04633724805066993,0.2089510359025163,2.2653389356573332,167.34201543280338,0.0006500121962270216
219,0.31665932732146557,0.47279443982527963,0.005920816797903203,0.47279443982527963,0.046409466964584874,0.20640909969181098,2.1609313845447176,153.58521978920925,0.0006499853171998697
220,0.3172770910297522,0.4746029056102515,0.006041551419856909,0.4746029056102515,0.04659800173192916,0.20895010254005283,2.2562075419117846,166.2517164806063,0.0006534893507653423
221,0.3163014216203546,0.47493782405561275,0.005884068451378817,0.47493782405561275,0.046287178364503766,0.20629273195460252,2.231006064505275,160.0532027677818,0.0006428161353188524
222,0.3163606837174908,0.47667387188408444,0.005934594595643469,0.47667387188408444,0.04637886164762597,0.20729838085423305,2.259119498371169,166.36873486492266,0.000644299724580999
223,0.3165097431849758,0.4733520685086419,0.006025517866364483,0.4733520685086419,0.046571785474523515,0.20740862561482615,2.178678218442661,154.43954768604598,0.0006498085945563815
224,0.31655257681069116,0.4750738961622265,0.005925438736617955,0.4750738961622265,0.046300405394481436,0.206054330213409,2.283518850941849,167.16002135313266,0.0006479495264012965
225,0.3165643185117057,0.4756556656274413,0.006030377685588643,0.4756556656274413,0.046571356796379276,0.20801834327975124,2.26310747937247,167.01762475844998,0.0006515156931700358
226,0.3167109847129454,0.4778259471013821,0.006013278119857793,0.4778259471013821,0.04665992758433167,0.20773891864069832,2.2286945050352163,163.60225308132766,0.0006551083960210318
227,0.316078484109337,0.4785143497431057,0.005943566319790969,0.4785143497431057,0.04631215157680697,0.20701636701323706,2.313772590713128,171.3774906461352,0.0006456702919223169
228,0.31613061739249015,0.4782456017605873,0.005966981775736026,0.4782456017605873,0.04644173300135629,0.20726654597268504,2.305014659957279,169.8403053233564,0.000647263143470681
229,0.3164099871739323,0.4796477810731954,0.006006889616262671,0.4796477810731954,0.04637468759366502,0.20664466293534256,2.2634057881083125,166.2810897077464,0.0006521877219109621
230,0.3177311156142713,0.4878343234758831,0.00605328008388499,0.4878343234758831,0.04682954473419671,0.21022937304656764,2.2751274668857744,167.33055208701364,0.0006467885912396233
231,0.31837176543009565,0.48552362080277317,0.006067793888629118,0.48552362080277317,0.04695420424831468,0.20953679974572104,2.3215543708428608,171.6407607968333,0.0006584695275868781
232,0.3178639871038305,0.4914171853791443,0.006046841669683672,0.4914171853791443,0.046961217084627846,0.21050533413671055,2.2050574612361875,157.011496766839,0.000646283204160825
233,0.3173442251753673,0.4985188309974132,0.005936637982553692,0.4985188309974132,0.046505280458337274,0.21094864871926663,2.2234394380450184,154.99154288026983,0.0006369372874273778
234,0.3175538684239639,0.4991925443336181,0.005928934853301694,0.4991925443336181,0.046505523742406345,0.2108407489333011,2.2873947258079785,161.99248746878536,0.0006398711743752261
235,0.31804167034983455,0.49846759339380353,0.006020223701495974,0.49846759339380353,0.0467626063988805,0.2123675597289679,2.3084087486630915,168.04174898285828,0.0006481973954021639
236,0.31822040084957787,0.4863477474386746,0.00603412315147468,0.4863477474386746,0.046850047016093445,0.20895153521452045,2.292913698748346,169.51492183063192,0.0006491294055984538
237,0.31814003614688,0.4875176576454708,0.00597359302295023,0.4875176576454708,0.04667721799170973,0.20700489684776838,2.2729955443999774,165.47776260841735,0.0006489378355346184
238,0.31855778189905126,0.49329695673858487,0.006065545950830341,0.49329695673858487,0.0471129187232509,0.21059184140627998,2.190591688989544,153.58736837432278,0.0006509915547506503
239,0.31867806255848685,0.49892653908348206,0.006039985943769736,0.49892653908348206,0.0466560316261618,0.21193711426365525,2.350329862351815,172.62645661497015,0.0006467708950012516
240,0.31871539235120183,0.49756796699033345,0.006079466637876723,0.49756796699033345,0.046987834736603014,0.21237266756068962,2.3034231523758812,163.52807696407368,0.0006481204099192678
241,0.3183224650057948,0.4953471420882624,0.006018288098723517,0.4953471420882624,0.047029946660431456,0.21118554142081783,2.3167463340053334,165.8822207849337,0.0006443278082959592
242,0.31864955657011773,0.48542933319004505,0.006111813983304545,0.48542933319004505,0.04693489137352257,0.20891436878367958,2.3108234256454607,169.9856724638372,0.0006575797021580573
243,0.31882353375274053,0.4850744855659329,0.006089181932725301,0.4850744855659329,0.04708245633956725,0.2079155528886864,2.195427994449467,156.4622795333718,0.0006517949666003431
244,0.3189457927298491,0.48739054653420893,0.00600889788447188,0.48739054653420893,0.046854638449979974,0.20641865953932764,2.293792272709983,168.3951810487428,0.0006482788056337166
245,0.3181566057751179,0.49690818377955553,0.006089673987612027,0.49690818377955553,0.04703751952710241,0.21155958138716205,2.2983841664849134,166.7812220909025,0.0006448034984025841
246,0.3184208315805478,0.49168861828936783,0.0006507081755122552,0.49168861828936783,0.04749960965924481,0.29473686300135976,2.199786394070521,152.96949682831954,0.005750125582161197
247,0.3187262512121539,0.49635727472810387,0.006095913980449725,0.49635727472810387,0.04711922477210877,0.21070982039020764,2.349778668423804,170.85313002207968,0.0006454064896321028
248,0.3188799148239938,0.486868333271977,0.006135785183135695,0.486868333271977,0.047169710927827894,0.208441961926312,2.2627908840706334,160.54449827968372,0.0006558995132786929
249,0.31892900887609166,0.48783746640465503,0.0060710340879002725,0.48783746640465503,0.047144594572810776,0.20622321335645385,2.1769312258970404,151.86234492780002,0.0006549415840624099
