,R0_25c04,R1_R2_25c04,im_max_25c04,slope_25c04
0,0.2699612005746563,1.2023248621586609,0.277248169915434,-1.301857329851145
1,0.2700585741720268,1.2014066194479807,0.2769817970091748,-1.3009257858883663
2,0.27015469322530417,1.200512506045174,0.2767245742019912,-1.3000203942884019
3,0.2702495577344884,1.1996425219502405,0.27647650149388325,-1.2991411550512524
4,0.27034316769957945,1.1987966671631805,0.27623757888485084,-1.2982880681769173
5,0.27043552312057734,1.1979749416839935,0.276007806374894,-1.2974611336653972
6,0.27052662399748206,1.1971773455126802,0.2757871839640128,-1.2966603515166917
7,0.2706164703302937,1.19640387864924,0.2755757116522072,-1.2958857217308009
8,0.27070506211901213,1.195654541093673,0.27537338943947715,-1.2951372443077247
9,0.27079239936363747,1.1949293328459796,0.2751802173258227,-1.2944149192474632
10,0.2708784820641696,1.1942282539061593,0.27499619531124386,-1.2937187465500164
11,0.2709633102206086,1.1935513042742125,0.2748213233957406,-1.2930487262153842
12,0.2710468838329545,1.1928984839501389,0.27465560157931296,-1.2924048582435668
13,0.2711292029012072,1.1922697929339388,0.2744990298619609,-1.291787142634564
14,0.27121026742536675,1.1916652312256117,0.27435160824368443,-1.2911955793883758
15,0.27129007740543315,1.1910847988251583,0.2742133367244835,-1.2906301685050026
16,0.2713686328414064,1.190528495732578,0.2740842153043582,-1.2900909099844438
17,0.27144593373328646,1.189996321947871,0.27396424398330854,-1.2895778038266996
18,0.2715219800810734,1.1894882774710374,0.27385342276133445,-1.2890908500317704
19,0.2715967718847672,1.1890043623020772,0.2737517516384359,-1.2886300485996556
20,0.27167030914436785,1.18854457644099,0.273659230614613,-1.2881953995303557
21,0.27174259185987537,1.1881089198877766,0.2735758596898657,-1.2877869028238704
22,0.2718136200312897,1.1876973926424361,0.27350163886419393,-1.2874045584801996
23,0.2718833936586109,1.1873099947049692,0.2734365681375978,-1.2870483664993437
24,0.27195191274183894,1.1869467260753757,0.2733806475100773,-1.2867183268813025
25,0.27201917728097386,1.1866075867536552,0.2733338769816323,-1.286414439626076
26,0.2720851872760156,1.1862925767398083,0.273296256552263,-1.286136704733664
27,0.2721499427269642,1.1860016960338344,0.2732677862219692,-1.2858851222040668
28,0.2722134436338196,1.1857349446357341,0.27324846599075103,-1.2856596920372843
29,0.2722756899965819,1.185492322545507,0.2732382958586084,-1.2854604142333164
30,0.27233668181525106,1.1852738297631533,0.2732372758255414,-1.2852872887921631
31,0.27239641908982704,1.185079466288673,0.27324540589155005,-1.2851403157138246
32,0.2724549018203099,1.1849092321220658,0.27326268605663423,-1.285019494998301
33,0.27251213000669955,1.184763127263332,0.273289116320794,-1.2849248266455917
34,0.2725681036489961,1.1846411517124715,0.2733246966840294,-1.2848563106556972
35,0.2726228227471995,1.1845433054694845,0.2733694271463404,-1.2848139470286175
36,0.2726762873013097,1.1844695885343708,0.27342330770772694,-1.2847977357643523
37,0.2727284973113268,1.1844200009071302,0.27348633836818914,-1.284807676862902
38,0.27277945277725074,1.184394542587763,0.2735585191277269,-1.2848437703242663
39,0.2728291536990815,1.1843932135762694,0.2736398499863402,-1.2849060161484451
40,0.27287760007678785,1.1844160138725137,0.27373033094399785,-1.2849944143352916
41,0.27292479191046365,1.1844629434769016,0.2738299620007937,-1.2851089648852472
42,0.27297072920001497,1.1845340023890276,0.2739387431566338,-1.2852496677978702
43,0.27301541194547313,1.1846291906090272,0.2740566744115495,-1.285416523073308
44,0.2730588401468382,1.1847485081369,0.2741837557655408,-1.28560953071156
45,0.27310101380411006,1.184891954972646,0.27431998721860773,-1.285828690712627
46,0.2731419329172888,1.1850595311162655,0.27446536877075023,-1.286074003076509
47,0.2731815974863744,1.1852512365677583,0.2746199004219683,-1.2863454678032054
48,0.27322000751136677,1.1854670713271245,0.274783582172262,-1.2866430848927164
49,0.27325716299226604,1.1857070353943637,0.2749564140216313,-1.286966854345042
50,0.27329306392907216,1.1859711287694765,0.27513839597007617,-1.2873167761601825
51,0.27332771032178516,1.1862593514524626,0.27532952801759664,-1.2876928503381377
52,0.273361102170405,1.1865717034433219,0.27552981016419265,-1.2880950768789075
53,0.27339323947493166,1.1869081847420546,0.2757392424098643,-1.288523455782492
54,0.27342412223536516,1.1872687953486607,0.27595782475461156,-1.288977987048891
55,0.27345375045170556,1.18765353526314,0.2761855571984344,-1.289458670678105
56,0.2734821241239528,1.1880624044854926,0.2764224397413328,-1.2899655066701337
57,0.27350924325210685,1.1884954030157187,0.27666847238330683,-1.2904984950249767
58,0.27353510783616775,1.188952530853818,0.27692365512435646,-1.2910576357426347
59,0.27355971787613553,1.1894337879997907,0.27718798796448163,-1.2916429288231073
60,0.27358307337201015,1.1899391744536365,0.27746147090368245,-1.2922543742663946
61,0.2736051743237916,1.1904686902153558,0.2777441039419588,-1.2928919720724965
62,0.2736260207314799,1.1910223352849485,0.2780358870793108,-1.2935557222414131
63,0.2736456125950751,1.1916001096624145,0.27833682031573836,-1.2942456247731444
64,0.2736639499145771,1.1922020133477536,0.27864690365124156,-1.2949616796676904
65,0.27368103268998595,1.1928280463409662,0.2789661370858203,-1.295703886925051
66,0.2736968609213017,1.1934782086420521,0.2792945206194747,-1.2964722465452263
67,0.2737114346085242,1.1941525002510114,0.2796320542522046,-1.2972667585282163
68,0.2737247537516536,1.194850921167844,0.2799787379840102,-1.2980874228740211
69,0.2737368183506899,1.1955734713925499,0.2803345718148913,-1.2989342395826404
70,0.273747628405633,1.196320150925129,0.280699555744848,-1.2998072086540746
71,0.27375718391648296,1.1970909597655814,0.2810736897738803,-1.3007063300883233
72,0.27376548488323976,1.1978858979139073,0.28145697390198826,-1.3016316038853868
73,0.2737725313059034,1.1987049653701065,0.28184940812917175,-1.3025830300452648
74,0.2737783231844739,1.199548162134179,0.28225099245543084,-1.3035606085679576
75,0.2737828605189513,1.2004154882061249,0.2826617268807655,-1.3045643394534652
76,0.2737861433093355,1.2013069435859438,0.2830816114051758,-1.3055942227017874
77,0.2737881715556265,1.2022225282736363,0.28351064602866166,-1.306650258312924
78,0.27378894525782443,1.203162242269202,0.2839488307512232,-1.3077324462868756
79,0.2737884644159292,1.2041260855726412,0.28439616557286024,-1.3088407866236418
80,0.2737867290299408,1.2051140581839537,0.2848526504935729,-1.3099752793232227
