,R0_25c01,R1_R2_25c01,im_max_25c01,slope_25c01
0,0.37351457462456766,0.6991476897429153,0.18472207176793579,-0.8523515499588938
1,0.3730179808374114,0.6985081552500325,0.1844944677319091,-0.8511642724174819
2,0.3725276666071516,0.6978862552413834,0.18427321586456868,-0.8500016263358691
3,0.3720436319337882,0.6972819897169679,0.1840583161659145,-0.8488636117140551
4,0.3715658768173213,0.6966953586767859,0.18384976863594657,-0.84775022855204
5,0.37109440125775084,0.6961263621208374,0.1836475732746649,-0.8466614768498238
6,0.3706292052550768,0.6955750000491226,0.18345173008206947,-0.8455973566074066
7,0.37017028880929925,0.6950412724616415,0.1832622390581603,-0.8445578678247884
8,0.3697176519204181,0.6945251793583939,0.1830791002029374,-0.843543010501969
9,0.36927129458843344,0.6940267207393798,0.18290231351640074,-0.8425527846389487
10,0.36883121681334524,0.6935458966045994,0.18273187899855034,-0.8415871902357271
11,0.36839741859515346,0.6930827069540525,0.1825677966493862,-0.8406462272923046
12,0.36796989993385815,0.6926371517877392,0.18241006646890828,-0.839729895808681
13,0.36754866082945925,0.6922092311056596,0.18225868845711662,-0.8388381957848563
14,0.3671337012819568,0.6917989449078135,0.18211366261401124,-0.8379711272208306
15,0.36672502129135087,0.691406293194201,0.1819749889395921,-0.8371286901166037
16,0.36632262085764133,0.6910312759648221,0.1818426674338592,-0.8363108844721758
17,0.36592649998082827,0.6906738932196768,0.18171669809681257,-0.8355177102875468
18,0.3655366586609117,0.690334144958765,0.1815970809284522,-0.8347491675627168
19,0.3651530968978915,0.6900120311820869,0.18148381592877807,-0.8340052562976857
20,0.36477581469176773,0.6897075518896424,0.1813769030977902,-0.8332859764924535
21,0.3644048120425405,0.6894207070814314,0.18127634243548857,-0.8325913281470203
22,0.3640400889502096,0.689151496757454,0.1811821339418732,-0.8319213112613859
23,0.36368164541477527,0.6888999209177102,0.18109427761694408,-0.8312759258355505
24,0.36332948143623733,0.6886659795622001,0.18101277346070122,-0.8306551718695141
25,0.36298359701459587,0.6884496726909235,0.1809376214731446,-0.8300590493632766
26,0.3626439921498508,0.6882510003038804,0.18086882165427426,-0.829487558316838
27,0.36231066684200225,0.688069962401071,0.18080637400409014,-0.8289406987301984
28,0.3619836210910501,0.6879065589824952,0.1807502785225923,-0.8284184706033576
29,0.3616628548969944,0.6877607900481529,0.1807005352097807,-0.8279208739363157
30,0.3613483682598352,0.6876326555980443,0.18065714406565536,-0.8274479087290729
31,0.3610401611795724,0.6875221556321692,0.18062010509021625,-0.826999574981629
32,0.36073823365620605,0.6874292901505278,0.18058941828346342,-0.8265758726939839
33,0.3604425856897362,0.6873540591531199,0.18056508364539683,-0.8261768018661378
34,0.36015321728016275,0.6872964626399456,0.1805471011760165,-0.8258023624980907
35,0.3598701284274857,0.6872565006110049,0.18053547087532243,-0.8254525545898425
36,0.3595933191317052,0.6872341730662977,0.18053019274331458,-0.8251273781413933
37,0.35932278939282114,0.6872294800058242,0.180531266779993,-0.8248268331527429
38,0.35905853921083347,0.6872424214295842,0.18053869298535768,-0.8245509196238914
39,0.3588005685857423,0.6872729973375779,0.18055247135940863,-0.8242996375548389
40,0.35854887751754755,0.6873212077298051,0.1805726019021458,-0.8240729869455854
41,0.35830346600624924,0.687387052606266,0.18059908461356924,-0.8238709677961307
42,0.3580643340518474,0.6874705319669604,0.18063191949367893,-0.823693580106475
43,0.35783148165434203,0.6875716458118883,0.18067110654247487,-0.8235408238766182
44,0.3576049088137331,0.6876903941410499,0.18071664575995708,-0.8234126991065605
45,0.35738461553002054,0.6878267769544452,0.18076853714612554,-0.8233092057963015
46,0.35717060180320453,0.6879807942520739,0.18082678070098024,-0.8232303439458415
47,0.35696286763328494,0.6881524460339363,0.1808913764245212,-0.8231761135551804
48,0.35676141302026176,0.6883417323000323,0.18096232431674839,-0.8231465146243183
49,0.35656623796413506,0.6885486530503618,0.18103962437766186,-0.8231415471532552
50,0.3563773424649048,0.6887732082849249,0.18112327660726157,-0.8231612111419908
51,0.356194726522571,0.6890153980037216,0.18121328100554754,-0.8232055065905255
52,0.35601839013713366,0.689275222206752,0.18130963757251975,-0.8232744334988591
53,0.3558483333085928,0.6895526808940159,0.18141234630817824,-0.8233679918669916
54,0.3556845560369483,0.6898477740655133,0.18152140721252297,-0.8234861816949232
55,0.35552705832220033,0.6901605017212444,0.18163682028555395,-0.8236290029826535
56,0.35537584016434876,0.6904908638612091,0.18175858552727117,-0.8237964557301828
57,0.35523090156339365,0.6908388604854073,0.18188670293767467,-0.8239885399375111
58,0.355092242519335,0.6912044915938391,0.1820211725167644,-0.8242052556046382
59,0.3549598630321728,0.6915877571865046,0.18216199426454038,-0.8244466027315643
60,0.35483376310190706,0.6919886572634036,0.18230916818100262,-0.8247125813182894
61,0.35471394272853773,0.6924071918245363,0.18246269426615114,-0.8250031913648134
62,0.3546004019120649,0.6928433608699024,0.1826225725199859,-0.8253184328711363
63,0.3544931406524885,0.6932971643995022,0.18278880294250688,-0.8256583058372581
64,0.3543921589498085,0.6937686024133356,0.18296138553371416,-0.8260228102631789
65,0.354297456804025,0.6942576749114026,0.18314032029360766,-0.8264119461488986
66,0.35420903421513794,0.6947643818937032,0.1833256072221874,-0.8268257134944172
67,0.35412689118314733,0.6952887233602373,0.18351724631945343,-0.8272641122997347
68,0.3540510277080532,0.695830699311005,0.1837152375854057,-0.8277271425648512
69,0.35398144378985547,0.6963903097460064,0.18391958102004424,-0.8282148042897667
70,0.3539181394285542,0.6969675546652413,0.184130276623369,-0.828727097474481
71,0.3538611146241494,0.6975624340687098,0.18434732439538004,-0.8292640221189943
72,0.353810369376641,0.6981749479564119,0.18457072433607732,-0.8298255782233065
73,0.3537659036860291,0.6988050963283475,0.18480047644546085,-0.8304117657874176
74,0.35372771755231364,0.6994528791845168,0.18503658072353063,-0.8310225848113277
75,0.35369581097549463,0.7001182965249196,0.18527903717028668,-0.8316580352950367
76,0.35367018395557204,0.7008013483495561,0.18552784578572898,-0.8323181172385447
77,0.3536508364925459,0.7015020346584262,0.18578300656985752,-0.8330028306418514
78,0.35363776858641627,0.7022203554515298,0.1860445195226723,-0.8337121755049572
79,0.35363098023718303,0.702956310728867,0.18631238464417338,-0.834446151827862
80,0.3536304714448463,0.7037099004904378,0.18658660193436066,-0.8352047596105656
81,0.3536362422094059,0.7044811247362422,0.18686717139323422,-0.8359879988530682
82,0.35364829253086205,0.7052699834662802,0.18715409302079405,-0.8367958695553697
83,0.35366662240921465,0.7060764766805518,0.1874473668170401,-0.8376283717174702
84,0.35369123184446366,0.706900604379057,0.18774699278197243,-0.8384855053393695
85,0.35372212083660914,0.7077423665617957,0.188052970915591,-0.8393672704210678
86,0.3537592893856511,0.708601763228768,0.18836530121789583,-0.8402736669625651
87,0.35380273749158947,0.709478794379974,0.1886839836888869,-0.8412046949638612
88,0.35385246515442426,0.7103734600154135,0.18900901832856423,-0.8421603544249563
89,0.35390847237415557,0.7112857601350866,0.18934040513692782,-0.8431406453458503
90,0.35397075915078324,0.7122156947389933,0.18967814411397765,-0.8441455677265433
91,0.35403932548430744,0.7131632638271336,0.19002223525971373,-0.8451751215670352
92,0.35411417137472806,0.7141284673995075,0.1903726785741361,-0.846229306867326
93,0.35419529682204515,0.715111305456115,0.19072947405724466,-0.8473081236274157
94,0.35428270182625865,0.716111777996956,0.1910926217090395,-0.8484115718473044
95,0.3543763863873686,0.7171298850220307,0.19146212152952063,-0.8495396515269921
96,0.354476350505375,0.7181656265313389,0.19183797351868798,-0.8506923626664785
97,0.3545825941802779,0.7192190025248807,0.1922201776765416,-0.851869705265764
98,0.3546951174120772,0.7202900130026562,0.19260873400308146,-0.8530716793248484
99,0.35481392020077296,0.7213786579646652,0.19300364249830756,-0.8542982848437317
100,0.3549390025463652,0.7224849374109077,0.19340490316221992,-0.8555495218224141
101,0.35507036444885387,0.723608851341384,0.19381251599481855,-0.8568253902608952
102,0.355208005908239,0.7247503997560937,0.1942264809961034,-0.8581258901591753
103,0.35535192692452056,0.725909582655037,0.19464679816607455,-0.8594510215172544
104,0.35550212749769855,0.727086400038214,0.19507346750473192,-0.8608007843351324
105,0.355658607627773,0.7282808519056245,0.19550648901207554,-0.8621751786128092
106,0.3558213673147439,0.7294929382572687,0.19594586268810543,-0.8635742043502851
107,0.35599040655861125,0.7307226590931464,0.19639158853282157,-0.8649978615475599
108,0.3561657253593751,0.7319700144132577,0.19684366654622396,-0.8664461502046336
109,0.35634732371703537,0.7332350042176026,0.19730209672831261,-0.8679190703215062
110,0.356535201631592,0.7345176285061811,0.1977668790790875,-0.8694166218981778
111,0.3567293591030452,0.7358178872789932,0.19823801359854865,-0.8709388049346483
112,0.3569297961313948,0.7371357805360388,0.19871550028669605,-0.8724856194309177
113,0.3571365127166409,0.7384713082773181,0.19919933914352972,-0.874057065386986
114,0.35734950885878336,0.739824470502831,0.1996895301690496,-0.8756531428028533
115,0.3575687845578223,0.7411952672125773,0.20018607336325578,-0.8772738516785196
116,0.35779433981375774,0.7425836984065574,0.2006889687261482,-0.8789191920139847
117,0.3580261746265896,0.743989764084771,0.20119821625772685,-0.8805891638092488
118,0.3582642889963179,0.7454134642472182,0.2017138159579918,-0.8822837670643118
119,0.35850868292294263,0.7468547988938989,0.20223576782694297,-0.8840030017791738
120,0.35875935640646384,0.7483137680248133,0.20276407186458037,-0.8857468679538346
121,0.35901630944688145,0.7497903716399613,0.20329872807090407,-0.8875153655882944
122,0.3592795420441956,0.7512846097393429,0.203839736445914,-0.8893084946825531
123,0.3595490541984061,0.752796482322958,0.2043870969896102,-0.8911262552366108
124,0.35982484590951314,0.7543259893908068,0.20494080970199263,-0.8929686472504674
125,0.3601069171775166,0.7558731309428891,0.20550087458306132,-0.8948356707241228
126,0.36039526800241645,0.757437906979205,0.20606729163281626,-0.8967273256575774
127,0.36068989838421284,0.7590203174997545,0.20664006085125744,-0.8986436120508308
128,0.3609908083229056,0.7606203625045376,0.2072191822383849,-0.900584529903883
129,0.36129799781849486,0.7622380419935543,0.2078046557941986,-0.9025500792167342
130,0.36161146687044377,0.7638733559656705,0.20839648151838938,-0.9045402599880422
131,0.36193121548036267,0.7655263044242885,0.20899465941188478,-0.9065550722218336
132,0.3622572436466413,0.7671968873660059,0.20959918947375725,-0.9085945159140816
133,0.3625895513698163,0.7688851047919569,0.21021007170431594,-0.9106585910661286
134,0.3629281386498878,0.7705909567021416,0.21082730610356093,-0.9127472976779745
135,0.36327300548685576,0.7723144430965598,0.21145089267149214,-0.9148606357496193
136,0.3636241518807201,0.7740555639752116,0.21208083140810963,-0.916998605281063
137,0.363981577831481,0.775814319338097,0.21271712231341333,-0.9191612062723057
138,0.36434528333913824,0.777590709185216,0.21335976538740334,-0.9213484387233474
139,0.364715268403692,0.7793847335165686,0.21400876063007956,-0.9235603026341879
140,0.3650915330251422,0.7811963923321548,0.21466410804144204,-0.9257967980048274
141,0.36547407720348885,0.7830256856319745,0.21532580762149078,-0.9280579248352657
142,0.3658629009387319,0.7848726134160278,0.21599385937022578,-0.9303436831255031
143,0.36625800423087146,0.7867371756843148,0.21666826328764702,-0.9326540728755394
144,0.3666593870799074,0.7886193724368352,0.21734901937375453,-0.9349890940853746
145,0.36706704948583985,0.7905192036735894,0.2180361276285483,-0.9373487467550087
146,0.36748099144866875,0.792436669394577,0.2187295880520283,-0.9397330308844418
147,0.36790121296839406,0.7943717695997984,0.21942940064419453,-0.9421419464736738
148,0.36832771404501585,0.7963245042892533,0.22013556540504706,-0.9445754935227046
149,0.36876049467853406,0.7982948734629417,0.22084808233458583,-0.9470336720315345
150,0.36919955486894873,0.8002828771208638,0.22156695143281083,-0.9495164820001634
151,0.3696448946162599,0.8022885152630195,0.22229217269972212,-0.952023923428591
152,0.37009651392046744,0.8043117878894087,0.22302374613531964,-0.9545559963168176
153,0.3705544127815715,0.8063526950000315,0.2237616717396034,-0.9571127006648432
154,0.371018591199572,0.8084112365948879,0.22450594951257344,-0.9596940364726677
155,0.3714890491744689,0.810487412673978,0.22525657945422972,-0.9623000037402911
156,0.37196578670626224,0.8125812232373015,0.22601356156457225,-0.9649306024677136
157,0.3724488037949521,0.8146926682848588,0.22677689584360106,-0.9675858326549348
158,0.3729381004405384,0.8168217478166495,0.22754658229131608,-0.9702656943019551
159,0.3734336766430211,0.8189684618326738,0.22832262090771738,-0.9729701874087742
160,0.37393553240240024,0.8211328103329318,0.22910501169280495,-0.9756993119753923
161,0.3744436677186759,0.8233147933174233,0.22989375464657874,-0.9784530680018093
162,0.37495808259184793,0.8255144107861485,0.23068884976903878,-0.9812314554880253
163,0.37547877702191645,0.8277316627391071,0.2314902970601851,-0.9840344744340401
164,0.37600575100888145,0.8299665491762995,0.23229809652001765,-0.9868621248398539
165,0.37653900455274286,0.8322190700977254,0.23311224814853646,-0.9897144067054666
166,0.3770785376535007,0.8344892255033849,0.23393275194574153,-0.9925913200308784
167,0.37762435031115504,0.8367770153932779,0.23475960791163286,-0.995492864816089
168,0.3781764425257058,0.8390824397674046,0.2355928160462104,-0.9984190410610985
169,0.378734814297153,0.8414054986257649,0.23643237634947425,-1.0013698487659068
170,0.37929946562549666,0.8437461919683586,0.23727828882142432,-1.0043452879305144
171,0.3798703965107368,0.8461045197951862,0.23813055346206063,-1.0073453585549208
172,0.38044760695287333,0.8484804821062472,0.23898917027138325,-1.010370060639126
173,0.38103109695190635,0.8508740789015418,0.23985413924939208,-1.0134193941831302
174,0.38162086650783583,0.85328531018107,0.24072546039608717,-1.0164933591869332
175,0.38221691562066173,0.8557141759448318,0.24160313371146852,-1.0195919556505353
176,0.3828192442903841,0.8581606761928271,0.2424871591955361,-1.0227151835739363
177,0.3834278525170029,0.860624810925056,0.24337753684828997,-1.0258630429571363
178,0.38404274030051816,0.8631065801415186,0.24427426666973007,-1.029035533800135
179,0.3846639076409299,0.8656059838422148,0.2451773486598564,-1.0322326561029327
180,0.38529135453823804,0.8681230220271445,0.24608678281866903,-1.0354544098655294
181,0.38592508099244266,0.8706576946963078,0.2470025691461679,-1.038700795087925
182,0.3865650870035437,0.8732100018497048,0.24792470764235297,-1.0419718117701198
183,0.3872113725715412,0.8757799434873353,0.24885319830722435,-1.0452674599121132
184,0.3878639376964351,0.8783675196091993,0.24978804114078199,-1.0485877395139056
185,0.3885227823782255,0.8809727302152971,0.25072923614302584,-1.051932650575497
186,0.3891879066169124,0.8835955753056284,0.251676783313956,-1.055302193096887
187,0.3898593104124957,0.8862360548801932,0.25263068265357236,-1.0586963670780762
188,0.39053699376497547,0.8888941689389916,0.253590934161875,-1.0621151725190645
189,0.39122095667435164,0.8915699174820237,0.25455753783886387,-1.0655586094198515
190,0.3919111991406243,0.8942633005092894,0.255530493684539,-1.0690266777804376
191,0.3926077211637934,0.8969743180207885,0.2565098016989004,-1.0725193776008224
192,0.3933105227438589,0.8997029700165213,0.25749546188194805,-1.0760367088810063
193,0.39401960388082097,0.9024492564964878,0.25848747423368196,-1.0795786716209892
194,0.3947349645746794,0.9052131774606877,0.2594858387541021,-1.0831452658207708
195,0.3954566048254343,0.9079947329091214,0.26049055544320854,-1.0867364914803515
196,0.3961845246330856,0.9107939228417885,0.26150162430100116,-1.090352348599731
197,0.3969187239976334,0.9136107472586892,0.26251904532748005,-1.0939928371789096
198,0.3976592029190777,0.9164452061598236,0.2635428185226452,-1.097657957217887
199,0.39840596139741835,0.9192972995451916,0.26457294388649666,-1.1013477087166634
200,0.39915899943265554,0.9221670274147931,0.2656094214190343,-1.1050620916752387
201,0.3999183170247891,0.9250543897686282,0.26665225112025825,-1.108801106093613
202,0.40068391417381916,0.9279593866066969,0.2677014329901684,-1.112564751971786
203,0.40145579087974564,0.9308820179289992,0.26875696702876484,-1.1163530293097583
204,0.40223394714256855,0.933822283735535,0.26981885323604754,-1.1201659381075293
205,0.403018382962288,0.9367801840263045,0.27088709161201646,-1.1240034783650992
206,0.40380909833890377,0.9397557188013076,0.27196168215667166,-1.1278656500824682
207,0.4046060932724161,0.9427488880605442,0.2730426248700131,-1.131752453259636
208,0.4054093677628248,0.9457596918040144,0.27412991975204076,-1.1356638878966028
209,0.40621892181013,0.9487881300317182,0.2752235668027547,-1.1395999539933683
210,0.40703475541433165,0.9518342027436557,0.2763235660221549,-1.143560651549933
211,0.40785686857542974,0.9548979099398267,0.27742991741024137,-1.1475459805662966
212,0.40868526129342425,0.9579792516202312,0.2785426209670141,-1.151555941042459
213,0.40951993356831523,0.9610782277848695,0.27966167669247305,-1.1555905329784204
214,0.4103608854001027,0.9641948384337413,0.2807870845866182,-1.1596497563741806
215,0.41120811678878655,0.9673290835668467,0.2819188446494497,-1.1637336112297398
216,0.4120616277343669,0.9704809631841855,0.28305695688096744,-1.167842097545098
217,0.4129214182368437,0.9736504772857582,0.2842014212811714,-1.1719752153202552
218,0.4137874882962169,0.9768376258715642,0.28535223785006164,-1.1761329645552112
219,0.4146598379124866,0.980042408941604,0.2865094065876381,-1.1803153452499662
220,0.4155384670856527,0.9832648264958772,0.28767292749390083,-1.1845223574045203
221,0.41642337581571526,0.9865048785343842,0.2888428005688498,-1.188754001018873
222,0.4173145641026743,0.9897625650571247,0.29001902581248507,-1.1930102760930248
223,0.4182120319465298,0.9930378860640987,0.29120160322480654,-1.1972911826269756
224,0.4191157793472817,0.9963308415553065,0.2923905328058143,-1.2015967206207252
225,0.4200258063049301,0.9996414315307476,0.29358581455550825,-1.2059268900742737
226,0.4209421128194749,1.0029696559904226,0.29478744847388855,-1.2102816909876213
227,0.42186469889091616,1.006315514934331,0.295995434560955,-1.2146611233607678
228,0.4227935645192539,1.009679008362473,0.2972097728167078,-1.219065187193713
229,0.42372870970448806,1.0130601362748486,0.2984304632411468,-1.2234938824864574
230,0.4246701344466187,1.0164588986714578,0.29965750583427203,-1.2279472092390007
231,0.4256178387456458,1.0198752955523005,0.30089090059608353,-1.2324251674513427
232,0.4265718226015693,1.023309326917377,0.3021306475265813,-1.2369277571234838
233,0.42753208601438925,1.026760992766687,0.3033767466257653,-1.2414549782554238
234,0.4284986289841057,1.0302302931002303,0.30462919789363563,-1.2460068308471628
235,0.4294714515107185,1.0337172279180076,0.3058880013301921,-1.2505833148987007
236,0.43045055359422785,1.0372217972200182,0.3071531569354349,-1.2551844304100375
237,0.43143593523463364,1.0407440010062627,0.3084246647093639,-1.2598101773811732
238,0.43242759643193585,1.0442838392767406,0.3097025246519792,-1.2644605558121078
239,0.4334255371861345,1.047841312031452,0.31098673676328076,-1.2691355657028414
240,0.4344297574972296,1.0514164192703972,0.31227730104326856,-1.273835207053374
241,0.4354402573652212,1.055009160993576,0.3135742174919426,-1.2785594798637054
242,0.43645703679010917,1.0586195372009881,0.3148774861093029,-1.2833083841338357
243,0.4374800957718937,1.062247547892634,0.31618710689534946,-1.288081919863765
244,0.43850943431057454,1.0658931930685134,0.31750307985008225,-1.2928800870534933
245,0.43954505240615194,1.0695564727286264,0.3188254049735013,-1.2977028857030204
246,0.44058695005862575,1.073237386872973,0.3201540822656066,-1.3025503158123466
247,0.441635127267996,1.0769359355015533,0.32148911172639816,-1.3074223773814717
248,0.44268958403426273,1.0806521186143672,0.322830493355876,-1.3123190704103955
249,0.44375032035742584,1.0843859362114145,0.32417822715404004,-1.3172403948991185
250,0.44481733623748543,1.0881373882926955,0.32553231312089037,-1.3221863508476404
251,0.44589063167444154,1.0919064748582101,0.3268927512564269,-1.327156938255961
252,0.446970206668294,1.0956931959079583,0.32825954156064974,-1.3321521571240806
253,0.44805606121904296,1.09949755144194,0.32963268403355883,-1.3371720074519993
254,0.44914819532668837,1.1033195414601553,0.3310121786751542,-1.3422164892397168
255,0.45024660899123026,1.1071591659626043,0.33239802548543573,-1.3472856024872333
256,0.4513513022126685,1.1110164249492869,0.3337902244644036,-1.3523793471945489
257,0.4524622749910033,1.114891318420203,0.3351887756120577,-1.3574977233616632
258,0.4535795273262345,1.1187838463753526,0.33659367892839803,-1.3626407309885766
259,0.4547030592183621,1.122694008814736,0.3380049344134246,-1.3678083700752888
260,0.45583287066738626,1.1266218057383528,0.33942254206713746,-1.3730006406217998
