,R0_25c03,R1_25c03,C1_25c03,R2_25c03,C2_25c03,R3_25c03,Wo1_0_25c03,Wo1_1_25c03,C3_25c03
0,0.306708586215747,0.4803470045003467,0.0046628360258397,0.4803470045003467,0.04237665769640861,0.25672100686124605,2.1993081026477546,170.0799525832669,0.0004999439274215809
1,0.31244817142102044,0.49142370575857974,0.004563463750502935,0.49142370575857974,0.04160417552883767,0.2597144806492193,2.182056276212957,161.51255156345277,0.000489727709935493
2,0.31515785585157113,0.4958765631072443,0.004516540257732841,0.4958765631072443,0.04143324165354746,0.26015327419951645,2.273800590256959,167.35902313735002,0.0004862727642147825
3,0.3161192675964867,0.49940778110503536,0.0045164518975721575,0.49940778110503536,0.04163051388052451,0.26160551012132666,2.284878791589582,169.2648987335817,0.00048377547083598704
4,0.31738352433283207,0.5028092725634599,0.004548468954392016,0.5028092725634599,0.04186147082989066,0.2624490656617803,2.3075251808564725,169.88284082453237,0.0004840424744354788
5,0.3178836185590702,0.5065496724043113,0.004588280302927843,0.5065496724043113,0.042222097047841765,0.2644645132315537,2.317715249762335,170.0444220637272,0.0004861475588844411
6,0.3184481954772085,0.5074498949983515,0.004579500897260091,0.5074498949983515,0.042166741905006966,0.26317386618913075,2.342402266488934,172.09121455042677,0.0004883983225100118
7,0.31831828628622,0.5059881455980609,0.004643024175695682,0.5059881455980609,0.042605875788373,0.2644316482137911,2.3003954795205606,167.4443497625315,0.0004899497410584487
8,0.3186346044917086,0.5080055728549463,0.004651652195843733,0.5080055728549463,0.04250203975682494,0.2637770394448936,2.3478618432185794,171.0725248163229,0.000492495742546361
9,0.3186166081023959,0.5034906334411366,0.0004950398591946691,0.5034906334411366,0.04300566348678255,0.41050720446321065,2.386491216527004,174.55483403176507,0.004461228510987515
10,0.3197012539283605,0.5119672474835805,0.00470256544640561,0.5119672474835805,0.04297874328728494,0.2639702252871636,2.308955006312822,165.76502187178397,0.0004967908601070393
11,0.3195815348761901,0.5138513095659324,0.004696721211732366,0.5138513095659324,0.0430233822910038,0.26384211881203423,2.4150638985425386,174.5265720921695,0.0004983380215358499
12,0.31943125199719946,0.5130485357375189,0.0047325156526918264,0.5130485357375189,0.043200104760802854,0.2639287714232091,2.3611880081275394,170.9036492402364,0.0004994758957006842
13,0.31931984383611445,0.5142046421863098,0.004714927905064664,0.5142046421863098,0.04280969187404694,0.2615263466862574,2.3869431424973184,172.42410004314226,0.0005010141219935772
14,0.3187688880406295,0.5088336891312409,0.0047120830503602235,0.5088336891312409,0.04334829058170275,0.25999323406732494,2.410487121385009,172.70746989228445,0.0005007328481029688
15,0.31871927406419964,0.5092604257647585,0.0005038073433778109,0.5092604257647585,0.04389905756806975,0.4087328545272806,2.389213043792128,168.89737451612393,0.004507904473056669
16,0.3199791939169294,0.5169408021166723,0.00476484154975989,0.5169408021166723,0.04343717940849856,0.2611372070484381,2.4108634092961947,170.775966692419,0.0005054829923432451
17,0.3201806079625298,0.5139451718368964,0.004818695335536179,0.5139451718368964,0.04399983669194601,0.2613988225026273,2.401911339377302,172.54123346680305,0.0005119697980576218
18,0.3192444238207953,0.5063980687459341,0.0005136943727686613,0.5063980687459341,0.04429792949265654,0.4019369038437802,2.3868061794016873,170.39731807312307,0.004620475911071388
19,0.31899255906472346,0.5114074616205486,0.004851752997911348,0.5114074616205486,0.044252819005936576,0.26058330507017374,2.39941214282393,171.5505597284993,0.0005130241342412259
20,0.3186226496704839,0.5127235718076222,0.004832150638725897,0.5127235718076222,0.044042390706013165,0.2581709596474013,2.384272218172233,168.97373832404196,0.0005125656379930958
21,0.31851668909947106,0.5120035844573035,0.0048759628155462045,0.5120035844573035,0.044464767797774356,0.2587755289385713,2.347382741794815,166.33869633772446,0.0005140155561428683
22,0.3191769354371268,0.5077390789745696,0.0005199889681572949,0.5077390789745696,0.04507202324041599,0.3993571317399969,2.433981598626641,174.33351402922702,0.004687800408131401
23,0.31883897681479445,0.5092266129145661,0.0005196004225335636,0.5092266129145661,0.04521112997123785,0.399353924914173,2.3857490403723447,166.57227282531437,0.0046669103998265415
24,0.3191482484637176,0.5157959453914208,0.004958745730334954,0.5157959453914208,0.04498723711907026,0.2590118145165609,2.3820616769876333,170.5174412528447,0.0005202515883595306
25,0.31858435050082495,0.5133511469113908,0.00495214064368541,0.5133511469113908,0.04497886012679982,0.25717928565549025,2.427062802532532,170.6123358880055,0.0005186066005764358
26,0.3180950241295598,0.5086915444378479,0.0005218655711619953,0.5086915444378479,0.045680283735088596,0.39550262198530717,2.4240298861517466,173.85111959977087,0.004768904044319856
27,0.31801366046479324,0.513684623824018,0.00498601113456141,0.513684623824018,0.04533479468444637,0.2567909340299929,2.4258343028763307,173.3093710102167,0.0005215790028031314
28,0.3185320129687386,0.5113461752347486,0.0005279518699724794,0.5113461752347486,0.04613046122930831,0.39677270439716533,2.3934618559685292,170.31416277380745,0.004753197933463477
29,0.3190108127341511,0.5191181699664623,0.005018714939870239,0.5191181699664623,0.04547620453061093,0.2567141095079865,2.4162131602315866,167.95383826901292,0.0005278046702345148
30,0.31921455512640784,0.5166453614482002,0.005101581518984979,0.5166453614482002,0.04597776517341996,0.2577066557768052,2.450489427621583,173.79127577986054,0.0005324339407694644
31,0.3184287383060235,0.5118698141427498,0.0005345712144990573,0.5118698141427498,0.04660274274967283,0.3931009194090071,2.3643351051405332,166.0691449793184,0.004850950824041791
32,0.31838407182072515,0.5176917621559931,0.005087433837032135,0.5176917621559931,0.046156425595014205,0.2558008694713291,2.4103076588600234,170.1568797238379,0.0005312555166764154
33,0.31881389941906796,0.5178233089198436,0.005123076076246556,0.5178233089198436,0.04634389982242124,0.2556839358650958,2.435687149767941,174.1182893698755,0.0005347883687400115
34,0.31896642281415044,0.5201015640112172,0.005152447526956436,0.5201015640112172,0.04636701737401052,0.2554546435442105,2.343141698240766,161.05962581537355,0.0005384976853432184
35,0.3185402867736757,0.5195291728514461,0.005206793501873202,0.5195291728514461,0.046791169580221656,0.25717451767630073,2.4367634816313206,173.64816324800861,0.0005349870550010278
36,0.31808857927729434,0.5169002345453372,0.0005354318628577914,0.5169002345453372,0.04682486681424722,0.38914415128517543,2.4140322408492576,170.19479023356647,0.004877886987911353
37,0.3180636771202674,0.5163774182037105,0.0005387013400385385,0.5163774182037105,0.04673450168267778,0.38610786336720804,2.4373365020850013,173.31986256343623,0.004887997428409559
38,0.3175177479371943,0.5157348715989993,0.0005377634576855393,0.5157348715989993,0.04680238767117281,0.38511317982867604,2.4133273065428984,169.89116432162928,0.004872057955604579
39,0.31797650302450947,0.5203148281918553,0.0051835751990297295,0.5203148281918553,0.046730877171816995,0.2529091567961926,2.434697819032437,172.3461267319214,0.0005386849244763045
40,0.31825001205699116,0.5221157592214659,0.0051518580322756176,0.5221157592214659,0.04678140623984748,0.25233098292998957,2.4586933865980423,171.89374246732717,0.0005384424021048033
41,0.31893406894746673,0.5168269537384078,0.0005473312877025269,0.5168269537384078,0.047830145541441105,0.3839022061372511,2.368430454785519,160.332634183475,0.004988297408897834
42,0.31895555989305685,0.5234856342339398,0.0052937687560821066,0.5234856342339398,0.047552211650933214,0.2543593643272491,2.3644040636655546,162.1957917143342,0.0005473780437680668
43,0.3186674786933154,0.524262488080862,0.005258291649841641,0.524262488080862,0.047289058408585015,0.2534308373181682,2.445030164968541,171.72154707535915,0.0005475681219388039
44,0.3178764673920545,0.5257188657478686,0.0052417446956955875,0.5257188657478686,0.04754015244273525,0.25299156850688137,2.3633993655467,160.02001849986812,0.0005412932630554354
45,0.3187228530879581,0.5197974437678795,0.000550401981522532,0.5197974437678795,0.0482456848729566,0.38176326700450913,2.39377570213742,163.38452582344183,0.005024714454390708
46,0.3190065394352484,0.5294469274075039,0.005215628352733099,0.5294469274075039,0.047494511298825585,0.2507636003695835,2.45412857390095,173.37572634659244,0.0005440664473965942
47,0.319683919834262,0.5295440430195562,0.005339354050581843,0.5295440430195562,0.04796319142304733,0.2532326724699627,2.449961680025282,171.3647100468759,0.0005520616343827079
48,0.3190075631998979,0.5309812743049057,0.0053158097504127505,0.5309812743049057,0.047827171496506254,0.2526463239918967,2.446953188172721,170.72477552392237,0.0005479118658563798
49,0.3188740155717349,0.5258540046745764,0.0005500733904082833,0.5258540046745764,0.048243497899658754,0.3809939753715844,2.4069209944176286,163.1163457940054,0.005017273496414257
50,0.31915828419724074,0.5297158201769827,0.005378308013787733,0.5297158201769827,0.04813195202696413,0.2522180299535529,2.4936377390180327,174.81776729101225,0.0005507240379864573
51,0.31872682229180604,0.5277617446664613,0.0005533001304580413,0.5277617446664613,0.048445792191148085,0.37965901408593117,2.447097050058239,170.64400424781547,0.005031628030144154
52,0.31974731495947706,0.5344519441327986,0.005385006502892843,0.5344519441327986,0.048292462019156594,0.25200152339070336,2.4364276211508695,170.60607648299018,0.000554778200388114
53,0.32003299034898364,0.5331194056434133,0.0005569157011382015,0.5331194056434133,0.048728658468128426,0.38060693996694694,2.3962520683313393,161.2244126504697,0.005075444876874092
54,0.3193947125668782,0.5308108799315453,0.00055513718274732,0.5308108799315453,0.048947413367109345,0.38018878721277527,2.4088301378325414,162.53763566843324,0.005088344449841115
55,0.3190820429316365,0.5361154525198295,0.005385840208692543,0.5361154525198295,0.04823726615330247,0.2508388243245879,2.4973503281948806,174.84526269399723,0.0005532552105251996
56,0.3195183964966224,0.5348825378276469,0.005419581840431182,0.5348825378276469,0.04882152035325182,0.25019263484649273,2.4742639797557247,172.56469793146428,0.000556071057797348
57,0.3193360645690572,0.5377552966778937,0.0053911961085217645,0.5377552966778937,0.04847780931099015,0.24967049630513552,2.499602565560477,175.30287922208657,0.0005544943942183504
58,0.32001307928845885,0.5362521706825495,0.00552241308872832,0.5362521706825495,0.049028888599263715,0.2512966953653729,2.4596906414561253,170.6781167596686,0.0005631382257723609
59,0.32011450807569214,0.5393306129130461,0.005451880686748224,0.5393306129130461,0.04895051888040969,0.24958975439314826,2.474227537892628,171.7227453649161,0.0005602961174526365
60,0.3198376975644418,0.5389926815722665,0.005483800394896342,0.5389926815722665,0.049062886735253025,0.25000799338494706,2.386162482619892,159.78122397573864,0.0005632691168889467
61,0.3192433883475021,0.5357293250055319,0.005531047609271866,0.5357293250055319,0.04911696824080449,0.25018678044012077,2.5088833570338176,174.72636132231946,0.0005610514349923221
62,0.3194530375211432,0.5364648109961305,0.005539727748161139,0.5364648109961305,0.049225330876219074,0.2492410547662715,2.4524427270466123,169.70116942639115,0.00056636489346833
63,0.3186407493473952,0.533764079653137,0.005548823350843259,0.533764079653137,0.04930720358219766,0.24886781806227976,2.4903317666876457,174.04897198672137,0.0005637775226024458
64,0.31941807746791534,0.5373658978065551,0.005511945587670126,0.5373658978065551,0.049422015928295926,0.24753051460481876,2.461872696499584,172.2711134549272,0.0005656215824818479
65,0.31940777393010855,0.5404084094145032,0.005579652121856191,0.5404084094145032,0.04948642133653372,0.249094942004569,2.473846705911339,172.1378047215538,0.0005663417497644078
66,0.32640283635784006,0.5444458992623061,0.005614702729923627,0.5444458992623061,0.04972037680306207,0.2510291369023806,2.462846372961419,171.48018412480695,0.0005650082246913285
67,0.32586075429600714,0.5443114614929013,0.005535619467621924,0.5443114614929013,0.049486878417586005,0.24812346280740163,2.4760468492486343,171.09355508666982,0.0005621466460363335
68,0.32617116931273515,0.5424677469528797,0.005609966817239974,0.5424677469528797,0.049556846113846365,0.2483424510327874,2.4623597858114845,169.81239447602434,0.0005689449004678332
69,0.3267367847822597,0.5410958268726175,0.005626205565839192,0.5410958268726175,0.04982524326907977,0.24736580554250207,2.4812731168881417,172.62181486291024,0.0005734936479380155
70,0.32643479770759015,0.5424587109059481,0.005587977696113167,0.5424587109059481,0.04964674595802176,0.24657323954985902,2.48338534821429,169.11271752282346,0.0005676426126020741
71,0.32677245189412124,0.5427335402505346,0.005652300555679531,0.5427335402505346,0.05012670931399462,0.24771466528711503,2.476878974929602,167.705638881124,0.0005726619203951253
72,0.32614672674152123,0.5466843905809813,0.0055934202604515995,0.5466843905809813,0.05001067526999061,0.24706419833278076,2.519938397300859,173.71365310626854,0.0005661479513827387
73,0.32649193219007894,0.5475625498390709,0.005668646269135109,0.5475625498390709,0.05011685115154458,0.2480428536852855,2.4007430380059342,161.70709057389925,0.0005718968664617915
74,0.3260432870211048,0.5475515306489236,0.0056314797384585434,0.5475515306489236,0.05012096818638043,0.24680859566334964,2.4916019283324604,172.18240994772606,0.0005702906222310792
75,0.3261700504053,0.5493505493296672,0.005671597754199773,0.5493505493296672,0.05018698647617808,0.24738989687090512,2.5031679696601925,174.95507224440348,0.0005724370905160562
76,0.32691332247595534,0.5476064181009989,0.005709965658447722,0.5476064181009989,0.050575649306962484,0.2467545489926468,2.4871989574526627,171.57023113060635,0.0005759605289086224
77,0.32692005287828246,0.5520939817751147,0.005689606992110796,0.5520939817751147,0.050591016709193914,0.24729438912102444,2.486063624899405,170.80355851652448,0.0005728735760465059
78,0.3261982026287446,0.5529467652707037,0.005641881208366841,0.5529467652707037,0.05047279077601215,0.24651752397368532,2.4714839287813315,166.17736442890023,0.0005708151067416905
79,0.3264434063123279,0.551515328755211,0.005729830517015311,0.551515328755211,0.05089572306865046,0.24685965734355772,2.4871327822329765,172.15285955329904,0.0005747984873929819
80,0.32608711938054613,0.553428254739115,0.005713547661713996,0.553428254739115,0.0505920041486966,0.24655627831902802,2.5050840109023653,173.02546343152855,0.0005737256120598814
81,0.3260585197888153,0.5540743020288866,0.005698456938765806,0.5540743020288866,0.05057517099706861,0.2453727262588266,2.509535725798996,174.42666797194798,0.0005733773868661101
82,0.3258197527777462,0.5532110283344065,0.0057142639250272916,0.5532110283344065,0.05059788708256448,0.24524977204939544,2.502993359936869,172.96166048765784,0.0005724536399842608
83,0.3273280981096398,0.5583303723872644,0.005761510754498724,0.5583303723872644,0.05111813621867517,0.24586205476912343,2.419127240642415,162.86382042361393,0.000580021006843684
84,0.32713624775144196,0.552939305204049,0.005823613711726058,0.552939305204049,0.05123879820689274,0.24630150802954975,2.4850172994994164,167.7268802906805,0.0005809762000472052
85,0.32603296462871234,0.5546354449234676,0.005714395140755158,0.5546354449234676,0.05078646608065601,0.24328322860289386,2.49766201251756,171.9533951735874,0.0005763330440396102
86,0.32579387515893865,0.553705411819855,0.005712194649028998,0.553705411819855,0.05087520928058417,0.24291778905270187,2.5330280337900493,176.0107858426422,0.0005764632599183025
87,0.326071211974033,0.5521227894777292,0.005846422729611379,0.5521227894777292,0.05132312495748584,0.24450633509263225,2.426845181026503,164.8742125006479,0.0005828801752383388
88,0.32692408796907635,0.5537960008120119,0.005847232855865811,0.5537960008120119,0.05127867023351983,0.2438216940515037,2.52225682742682,174.62560999781212,0.0005854339373693283
89,0.3279289057969033,0.5653122427585995,0.0058427512150044545,0.5653122427585995,0.05122462361808121,0.24588814782644558,2.528251832941481,175.1530573237887,0.000584800900513114
90,0.3270050691930665,0.5643406111754392,0.005841012988858951,0.5643406111754392,0.051353144410126284,0.24591275415470787,2.509459341147849,172.04219215944036,0.0005801194243142286
91,0.32834850941637583,0.5643880776727516,0.0059507305051590175,0.5643880776727516,0.05162437103308528,0.24680250637913592,2.5233907390867554,173.8409218294037,0.0005919652990728453
92,0.32711496551218094,0.5659379925903442,0.00589074636091173,0.5659379925903442,0.051421620498594604,0.24561130642897833,2.4361481159443388,161.95194371139203,0.0005840537739468302
93,0.32718731759088454,0.5647721791342618,0.005875254243242455,0.5647721791342618,0.051433028330944965,0.24441129528165453,2.4882133195171985,168.21370046271892,0.0005868849801310725
94,0.3273242797757924,0.5628461043642853,0.005890859614994923,0.5628461043642853,0.051660541933923394,0.2441504360988162,2.4842221557889697,165.10979967968382,0.000588767946725734
95,0.3272628006263192,0.5682905355722784,0.005915582461873478,0.5682905355722784,0.0516399189202554,0.24535017823700134,2.5080461103422924,169.4113466095509,0.0005850725052297857
96,0.32725415623561815,0.5692984140001645,0.00591395373450269,0.5692984140001645,0.05187629329333516,0.24478059136295588,2.5168637751412795,171.17508742899594,0.0005830625449760406
97,0.3278534371181502,0.5694693620292447,0.0058836778811033295,0.5694693620292447,0.05164210552932079,0.24403998989599932,2.5570445516006193,174.7213066513068,0.0005912214246346822
98,0.3272809836299141,0.5688680511680093,0.005942905430436708,0.5688680511680093,0.0520200317641904,0.2446818407192936,2.5084710706222144,169.95101281229816,0.0005870992660854732
99,0.3277657470243998,0.5683941678597236,0.006032839335810412,0.5683941678597236,0.05226274845888854,0.2458766224655023,2.500550847808424,170.97933926807008,0.0005954321252403587
100,0.3270934520657135,0.5725073272652647,0.005924351171477115,0.5725073272652647,0.051877118632169275,0.24363838796794646,2.4929961709044712,168.3768569872786,0.0005841510331856594
101,0.32721704792179285,0.5738294340799112,0.005883165791969946,0.5738294340799112,0.05205549915773145,0.24279835119743218,2.5182314091678326,170.79464762533487,0.000583823826639872
102,0.3272438392437871,0.5745303109008068,0.005973465368515294,0.5745303109008068,0.05240585663006582,0.2446228581853474,2.4218639498382,159.94741468780154,0.0005853450239076001
103,0.32828474644289335,0.5760229423900026,0.006007151676232407,0.5760229423900026,0.05239226584452909,0.24505328526328238,2.5456065224070574,174.28639506219068,0.000594270902152636
104,0.32755730601281424,0.5741445773770516,0.005949930718952213,0.5741445773770516,0.052158013332923046,0.24231930526323578,2.56319545646988,175.42399151961527,0.0005902666887922491
105,0.32759478780530676,0.5734772797085893,0.006043267088452879,0.5734772797085893,0.052450306234385694,0.2435236559825355,2.508254981199518,171.121966887116,0.0005947369905062228
106,0.32727614779486175,0.5770117005810593,0.005949711074013919,0.5770117005810593,0.05217907077311914,0.24191523894860228,2.5393411707080324,174.16660761806958,0.0005877789954472619
107,0.32822289468583205,0.577219862234357,0.006057074519849374,0.577219862234357,0.05245543091106619,0.24355519549659027,2.5454368011622384,176.46276537778033,0.0005953823596090338
108,0.3272697063111215,0.5737783615246765,0.0005947025588874027,0.5737783615246765,0.05292333982989115,0.35085686030520896,2.419943538706918,160.21007021637024,0.005657266797802444
109,0.327327410651639,0.5781304805199161,0.006017571601926798,0.5781304805199161,0.05241756415343445,0.24213601839022322,2.499713586739667,165.28346359223616,0.000589840275296062
110,0.3274352214710939,0.5798951085586329,0.00601405734311398,0.5798951085586329,0.05238008902066472,0.24142388799308576,2.487936385612358,164.47270044600936,0.0005890621905263333
111,0.327212314793027,0.5791199903419229,0.006047996906067211,0.5791199903419229,0.052565067696210596,0.24195818203539946,2.5489187222545433,174.93545178517675,0.0005910474753890621
112,0.3277075965593598,0.5791931513706929,0.006101555166101373,0.5791931513706929,0.052709169621957444,0.2414074945554446,2.4558017410645214,164.85157066921664,0.0005948641313270694
113,0.3277409149947074,0.581762739683256,0.00609917090650199,0.581762739683256,0.052676140571515394,0.24241381843320958,2.5220519196800577,171.42889927451637,0.0005956289689488819
114,0.3281168202935091,0.5814799871717866,0.006092529896031082,0.5814799871717866,0.05269123108172871,0.241445208100285,2.547998649005549,170.7403239273767,0.0005978043085285218
115,0.3276823386980801,0.5813049621211825,0.00611615403372494,0.5813049621211825,0.0527902756486227,0.24186664418070747,2.5422597072636326,169.8976147504611,0.0005966205376569219
116,0.32752547255344644,0.5823400921387487,0.006129313430588618,0.5823400921387487,0.052918429845341106,0.24179074875102155,2.5372789503256348,172.55644015889737,0.000597826249316111
117,0.3275238309405204,0.5817326849913322,0.006145353247156218,0.5817326849913322,0.052928739980621434,0.2409896503338834,2.495876527683065,164.44894233976441,0.0005981180526901794
118,0.32723893673827736,0.5797964207809428,0.0005996064863284128,0.5797964207809428,0.05308272632194677,0.34368415362035654,2.4451767122452273,163.18500993772685,0.005708951125804994
119,0.3274402325997121,0.5833416160789632,0.006203254174522668,0.5833416160789632,0.05321791728459102,0.2410901270039797,2.5222716461343215,170.90301107055186,0.0005970366492079354
120,0.32735009807561277,0.5854241901840987,0.006144464218600072,0.5854241901840987,0.05315690110747821,0.23972669876800526,2.4410417447798216,162.20511771243196,0.0005942180513857326
121,0.32756569993413137,0.5859617996083489,0.006069257368643307,0.5859617996083489,0.05284512684599818,0.23765932292101755,2.478044286633137,162.99905610951487,0.0005976483038120009
122,0.3273489537094009,0.5840817823281848,0.006157214934592639,0.5840817823281848,0.05293443867863104,0.23876203493303538,2.5517478199440746,173.63283990370732,0.0006013091163796123
123,0.32736620982439263,0.5843491400626089,0.0062045968863878274,0.5843491400626089,0.05312665725676416,0.23898604850058902,2.5272365109655333,170.79612479193312,0.0006008956074050475
124,0.3271198905021883,0.5860493732214717,0.006199707941136699,0.5860493732214717,0.05325677621198475,0.23928720512072207,2.466520362280027,164.7061712557108,0.0006003311314682436
125,0.3270979201907033,0.5896505010771556,0.006149036245791131,0.5896505010771556,0.05306279349925198,0.23882357348755992,2.4913259307142352,162.66072638568298,0.0005957867359595262
126,0.3271241999643237,0.5907270142232134,0.0062161726084292,0.5907270142232134,0.05337401245252245,0.2400859357684304,2.5075505722198876,164.76176274987114,0.0006002875919355682
127,0.32764753876978625,0.5909894696307231,0.006241567149022612,0.5909894696307231,0.05329995125143691,0.23940870640272469,2.536362117265645,171.06923933030896,0.0006020404400741695
128,0.3277510127496376,0.5913138110773166,0.006261709611327726,0.5913138110773166,0.05344342472118595,0.23958101258497205,2.577200311374438,175.8021589698142,0.0006045464143144316
129,0.32813226544817986,0.5930712290324147,0.006226567835173688,0.5930712290324147,0.05341513951199016,0.2381971199959047,2.474482219329975,164.91433876311385,0.0006053664070120357
130,0.32712826413166624,0.5924985061572402,0.006188190969143812,0.5924985061572402,0.05338926295900635,0.2377034784802069,2.5632738875632017,174.1403673077173,0.0006001307482457061
131,0.3281886529871726,0.5929120503146083,0.006358113517641656,0.5929120503146083,0.05384391999164223,0.2402577128268282,2.5499969189791405,173.2484874883668,0.0006084052678716308
132,0.328007831861736,0.596259318551022,0.006278678776922267,0.596259318551022,0.05363653630377209,0.23921434225957458,2.5071868016153918,168.39614481421617,0.0006033748272351525
133,0.328267644237129,0.5968615327688922,0.006334314939471134,0.5968615327688922,0.05390991126506038,0.23976243360747623,2.5377400043504603,170.56974954914287,0.0006077318246192715
134,0.3276815958285209,0.5923119483135945,0.0006090478594720876,0.5923119483135945,0.05432346723592434,0.33842059573331545,2.5578479847529496,174.7715765149816,0.005905799249642722
135,0.3278268772426267,0.5937127382409974,0.0006109808050275598,0.5937127382409974,0.05400149629656757,0.3361701644293134,2.5303994675628627,169.7248041157791,0.005901703396038221
136,0.3278644294368746,0.5985282155276783,0.006348519564146191,0.5985282155276783,0.05381885830463425,0.23853696050419013,2.4674391642114277,163.5786950852645,0.0006083422519004813
137,0.32832883254698975,0.5959069273204025,0.0006116166672497441,0.5959069273204025,0.05413803092265532,0.3353302459078926,2.542611988707415,171.12810154129585,0.005942826570339976
138,0.3288569636780024,0.6009951662538765,0.006494314178298642,0.6009951662538765,0.05410523676489474,0.24102322010759275,2.507302933741807,169.01277233125796,0.0006162593133866945
139,0.32818499059101053,0.6035979710137918,0.006334013446347658,0.6035979710137918,0.05390958706932532,0.23786161188564284,2.4690085949958203,162.7691584231467,0.0006071851367469334
140,0.32798718841513963,0.5969732082428094,0.0006123909496792945,0.5969732082428094,0.054400805597858065,0.33398402930474164,2.567135397997682,173.40743302473717,0.005986669284693368
141,0.3279435047094983,0.5982768053823074,0.0006111549999044908,0.5982768053823074,0.05441568952397037,0.334147855229643,2.5460455463743648,171.39013225326042,0.005937372882909951
142,0.3275173692079472,0.598147650796209,0.0006093253304407497,0.598147650796209,0.05424003986156698,0.33376709269685206,2.5822367043940804,173.6169514945758,0.005892385765086343
143,0.32864654642446617,0.6054465800019949,0.00635473628448331,0.6054465800019949,0.053885140596002835,0.23598380000839825,2.4993040630940055,162.98781391081332,0.0006120083998938675
144,0.3282434934992822,0.606722058594768,0.006393994827686978,0.606722058594768,0.05386193341461285,0.2375013571757707,2.605076712935816,176.30978026304928,0.0006097368448529644
145,0.3281885867119554,0.6044136686558457,0.0006120148316227706,0.6044136686558457,0.05414874293109221,0.3332467449493252,2.6040348603946044,176.0018061450729,0.005906713843974797
146,0.32878865535919216,0.6084311906774008,0.006507889578284022,0.6084311906774008,0.054490111329884565,0.23860238074805007,2.4648543474856783,161.1460852195129,0.0006164109754722162
147,0.3281126984972021,0.6102000310263376,0.006404799261312299,0.6102000310263376,0.05429836006833187,0.23740916854967398,2.575359978131679,172.926800172528,0.0006089590621912657
148,0.3278472726015327,0.6101898368781815,0.006348597786118981,0.6101898368781815,0.05398728733449667,0.23588101471903994,2.550647224835245,170.1879668525422,0.0006052786675198414
149,0.3276068002413205,0.6103155441881598,0.0064146056525399495,0.6103155441881598,0.05403445069187084,0.23713337890628128,2.5526892152660086,171.12949046463547,0.000610527533746733
150,0.3279022332141284,0.6109018479871833,0.006412345106138083,0.6109018479871833,0.054150325526159386,0.23658986561232245,2.5816243048754446,171.6327502748046,0.0006102856362109674
151,0.32781193037564954,0.611953639746536,0.006473369750836672,0.611953639746536,0.05426749449136968,0.23727119511929265,2.595035615688307,175.08838021425808,0.0006101407399539378
152,0.3273669207215937,0.6135360190552902,0.006384738362764371,0.6135360190552902,0.054310610477483534,0.23552096098115594,2.5605956230667313,167.91397219550458,0.0006060636201684424
153,0.3277258072608298,0.6138471644211196,0.006443333482370901,0.6138471644211196,0.054455818411407425,0.23587714478734004,2.510461951290624,162.34770385964845,0.0006097742855489477
154,0.3281802651202582,0.6087587541536481,0.0006225700207412163,0.6087587541536481,0.05509986640662409,0.3286575780888385,2.5750447756005923,173.7575368007824,0.0061243556763859435
155,0.3275431548185447,0.6081331415250115,0.0006158621103733041,0.6081331415250115,0.0551515021158024,0.3280879934775089,2.561425814865836,173.30586642166583,0.006090173901531474
156,0.32738649613277504,0.6107378384829367,0.0006099803355953459,0.6107378384829367,0.05476679417406962,0.3284816947851169,2.5228296578460703,164.0312516820681,0.005974841900433722
157,0.32820257518229845,0.6126055606316244,0.0006190982780585276,0.6126055606316244,0.05508705164093067,0.32740669661271427,2.563831305987566,171.59356605901368,0.0061716343374547105
158,0.32842978109070187,0.618630025252504,0.006555986701680907,0.618630025252504,0.05448172755615361,0.23634411959289486,2.597664504592618,174.8147787811736,0.0006174083338350516
159,0.32755796372923707,0.618268285923265,0.006563256766029112,0.618268285923265,0.054707615899019194,0.23697882892918123,2.6121391802999465,174.16438839787313,0.0006110038953511428
160,0.3277509589797278,0.6157172637885863,0.0006169023223700353,0.6157172637885863,0.05503649786133459,0.3264918957086285,2.5611426539976554,170.68841172169402,0.006103515238540878
161,0.3281535820845046,0.6124721171149199,0.0006245820347869827,0.6124721171149199,0.054966148126562364,0.3232142557641901,2.5550067636977376,171.2582003525051,0.006151391939484379
162,0.32773306086565723,0.6122864524667452,0.0006174937912978704,0.6122864524667452,0.055156047782133226,0.3237236009856287,2.55638835278376,172.8540107176196,0.0061483179905611335
163,0.3281649262213771,0.6153416588143198,0.0006200478801184662,0.6153416588143198,0.05537983033620453,0.3251961862426123,2.5630010655938533,170.46356437996525,0.00615623236807781
164,0.3283014662325501,0.6176482925605015,0.0006229713973155859,0.6176482925605015,0.05534094999389575,0.3253552313663392,2.6162091885107834,175.61107993003694,0.006143687656209019
165,0.3287549309514543,0.6247086386772293,0.006640418719258887,0.6247086386772293,0.05495828536980868,0.23579051324149117,2.5831473033843744,172.57445375785602,0.0006242449129661008
166,0.32751479438315706,0.6190552972375545,0.0006154719272060384,0.6190552972375545,0.054942608454507304,0.3234275321024299,2.6135075180112115,175.84293852420714,0.0060886356937372675
167,0.32850631271866304,0.6265430650680743,0.006689820828744847,0.6265430650680743,0.0549308581452807,0.23569273220357578,2.5878718842624275,173.2595855593174,0.0006208663552823657
168,0.32821699601136944,0.618773691210889,0.0006227110626431208,0.618773691210889,0.05507964164345347,0.3214971539339139,2.599748834669969,173.19384430915542,0.006139735528398037
169,0.3282247580203065,0.6272691276054962,0.006674633624527844,0.6272691276054962,0.054847336249504934,0.23503126637301677,2.4560013368493667,157.5858329822973,0.0006226829537225965
170,0.3282956849053744,0.6280267685770365,0.006592831140073695,0.6280267685770365,0.054789060231082494,0.23342507250149783,2.5592399783677946,166.331462306538,0.0006159513457795117
171,0.32794313776575085,0.6253794349867434,0.006633568115765883,0.6253794349867434,0.05489652338727767,0.2333687421961291,2.5692220366891747,167.65817949560068,0.0006205595679287396
172,0.32750202935437356,0.6270707167510652,0.006591262250412119,0.6270707167510652,0.05480127992605463,0.23205208570353486,2.56296737486867,170.58634748748847,0.0006136726637315442
173,0.32784549031025134,0.623020991529864,0.000624097885932678,0.623020991529864,0.05564457088037444,0.3202766405893827,2.479081697733887,162.43374195098,0.00629141432231602
174,0.32863912842205484,0.6374468895554395,0.006715374039528811,0.6374468895554395,0.05517788463909708,0.23544241898474255,2.4489025240361144,154.88354095072904,0.000622587397980532
175,0.3289050542223663,0.6343781215131457,0.000624792041490157,0.6343781215131457,0.055748816466100096,0.32421031907364445,2.572752004373879,171.74040155785625,0.006275939468604034
176,0.32881638604240643,0.6349716250281464,0.0006240489509241264,0.6349716250281464,0.05568703569736375,0.3227771468744861,2.5411678584498443,164.4425608180924,0.006251385759895218
177,0.32877884214393477,0.6441136339241754,0.006769206814814854,0.6441136339241754,0.055403848071621326,0.23691808078882265,2.5247600135070707,160.1212800420136,0.0006199297675676691
178,0.3288943966404928,0.6372896878595136,0.0006240234823624008,0.6372896878595136,0.05564143502395439,0.32201925884116017,2.598751751254432,174.0006562778749,0.006243044479265931
179,0.3284647847584686,0.63723685407223,0.0006220001750906334,0.63723685407223,0.055503952961517944,0.32103160316432483,2.5932695044385987,174.30746627104568,0.006206673769822405
180,0.3296225179569366,0.6416382733398848,0.006960292144126599,0.6416382733398848,0.05582737566431223,0.23807617140153833,2.5153676097896804,164.43718411642934,0.0006298572164932914
181,0.3291336358081848,0.6431544180659421,0.0006196059097170191,0.6431544180659421,0.05574977969232372,0.32337813333760573,2.604373465555885,173.9175217834543,0.006245237027452263
182,0.32991340754558107,0.6426547234797132,0.0006300213819094961,0.6426547234797132,0.055980102165955205,0.32182018530203943,2.6074160060411264,173.47460523686433,0.0063799566316037086
183,0.3301360635943708,0.6434920454552158,0.0006318373676946472,0.6434920454552158,0.05597849362281865,0.321221719943878,2.6040048603326933,172.09284041211558,0.006366157226415786
184,0.32952908112136636,0.6417223594734079,0.0006293269679025551,0.6417223594734079,0.05609095348433996,0.31981418021565644,2.6030108381863184,173.45141215080912,0.006401917802506051
185,0.3286739975601541,0.6427416523773045,0.0006189306947814989,0.6427416523773045,0.05569494655714478,0.31967614571080444,2.5995697732139864,172.7760110656147,0.006203762726562559
186,0.3288463448961966,0.6472971076162558,0.006787207850203506,0.6472971076162558,0.055415549961066755,0.23440184862963928,2.6013233320890965,173.647903199717,0.0006229331833862076
187,0.3292095206287195,0.6458922351486542,0.0006282650595100886,0.6458922351486542,0.05619988058677895,0.320063846531842,2.6064853657850007,173.8117883708193,0.006374875675398373
188,0.3298690336110234,0.6502982098677064,0.006881031928392114,0.6502982098677064,0.055727015294151194,0.23544146154353987,2.638012991446077,172.85014714428067,0.0006293166986880386
189,0.32933676756896463,0.6487654404483396,0.0006271892214789747,0.6487654404483396,0.056165253861723316,0.3193218818205635,2.4773858974050045,155.73803026141564,0.006385248762680899
190,0.3295710652830963,0.6516630094658171,0.0068774922648533274,0.6516630094658171,0.05584702635104523,0.23408207314539803,2.5933386549382833,170.664303693916,0.0006294717574162137
191,0.32898403503431,0.6390201065123569,0.006799418550340255,0.6390201065123569,0.055302167639730886,0.23004244247196914,2.6370253894700078,176.91512864815203,0.000624694956027999
192,0.32869092895708174,0.6421604290647203,0.006805069228032754,0.6421604290647203,0.05541320307162042,0.2305294676011899,2.6108655863275816,174.20497852796618,0.0006258664282315653
193,0.3294527115736622,0.6372524592930824,0.0006341365875825928,0.6372524592930824,0.05620275342212012,0.31198893551574836,2.588308550626253,168.7218783959157,0.006429967312969749
194,0.3286537939149696,0.6360606444721233,0.0006308817273759935,0.6360606444721233,0.05636621025126503,0.311274010369516,2.5926693838646186,173.64284503742854,0.006444322768449347
195,0.32892462825565494,0.6426064415686806,0.006959561456539117,0.6426064415686806,0.05583442638112166,0.23104447948661977,2.4590662322975683,156.99777071777447,0.0006318155573312051
196,0.3291885174521203,0.6387282694689865,0.0006352532745130426,0.6387282694689865,0.0564030681949204,0.31024479919450687,2.536544326750115,167.67057346940874,0.00652143977663406
197,0.3292187995804458,0.6447973832734042,0.00699022003237182,0.6447973832734042,0.05556844632944687,0.2308143293047383,2.6273447573626605,175.70681389006376,0.0006339839307751992
198,0.32793795571536805,0.640708083757979,0.006938365957379562,0.640708083757979,0.055691996771962606,0.2295182485006481,2.6103586360894044,174.70592127071706,0.0006326207471594904
199,0.3281766090931576,0.6420613530940372,0.0006324166677860033,0.6420613530940372,0.05624562903001697,0.31006842950878105,2.631224813494828,175.01173915403353,0.006412675118000477
200,0.3287352442369117,0.6397087189989464,0.0006396454767124649,0.6397087189989464,0.05635966843545831,0.3069566168705418,2.5712201274092426,169.29786640805767,0.006545195386508191
201,0.3289436224889237,0.6445200946150342,0.0006350163982972444,0.6445200946150342,0.05622831578285597,0.3082352650227919,2.576491307424559,170.07373152609688,0.0064659163580270615
202,0.32872957093517835,0.640587936085507,0.0006380709075209714,0.640587936085507,0.05623943159861851,0.3058296703457552,2.5642223405547564,167.87390129645502,0.0065057939269631
203,0.3278304454808147,0.6482202885050415,0.0068750653647240145,0.6482202885050415,0.055600460832723915,0.22818602507720323,2.5742755898689764,170.07164527595205,0.00062992000614143
204,0.3279794564888958,0.6532263188189864,0.007042927396157524,0.6532263188189864,0.05585350632013955,0.23127556331141616,2.447616142379735,153.87131301459692,0.0006306994588714637
205,0.3292166837956316,0.6527862356141725,0.007000879512990274,0.6527862356141725,0.05575078884524972,0.22913123409326716,2.6287010718883446,175.15390527237173,0.0006363490056134043
206,0.3286036521002153,0.6526354893527225,0.006962024840619466,0.6526354893527225,0.05582033732269962,0.22853897638352402,2.591943001746352,171.40971596005045,0.000632812529107962
207,0.32848850655477485,0.65195899266808,0.007033784404249067,0.65195899266808,0.05587137692462045,0.22932623488688975,2.638905136547875,175.9752573412439,0.0006345220212812757
208,0.32819424459163693,0.6475159227587732,0.0006361789448538145,0.6475159227587732,0.05656620974595372,0.3058020463280133,2.4472012433747437,154.56396053352256,0.006522492280785082
209,0.32965056109659735,0.6734418689998919,0.007054036877222251,0.6734418689998919,0.05592737477436799,0.2333397599015685,2.644292710403151,174.5928885536103,0.0006288995315203616
210,0.3301688112462736,0.6708122492744102,0.007119781743612525,0.6708122492744102,0.05609219411808848,0.2331178079662119,2.5605979182130962,167.33049427536386,0.0006395835881576809
211,0.3310380749007428,0.6696504318364408,0.000643619309043766,0.6696504318364408,0.05654758897737215,0.3106906786186653,2.6681350722829564,174.8256780006535,0.0066092487591203975
212,0.33080409210511147,0.6727097646881148,0.0006384919462084643,0.6727097646881148,0.05666353560775977,0.31191314932615954,2.649241270694681,174.30857600956878,0.006617424645673012
213,0.3306146781263609,0.6795863473620236,0.006964084189251402,0.6795863473620236,0.05597049208044591,0.23154578221976344,2.631627186380118,172.26429209968322,0.000629705222726166
214,0.33066557983198885,0.6728028660102542,0.0006419895726288079,0.6728028660102542,0.05667819126278507,0.31114812591436525,2.640165682014216,174.57939802972396,0.006616336465218632
215,0.3296610724877817,0.6674513780863356,0.0006399294506640245,0.6674513780863356,0.05649063179162995,0.3088341858215744,2.5635566916881243,161.9892132009094,0.006511310770983699
216,0.33027970882833935,0.6699607925451649,0.000641132523611792,0.6699607925451649,0.05655584657541297,0.3091914077707086,2.563394066239448,161.69358419986187,0.006527902123791877
217,0.3301185099593599,0.6869556443784476,0.0006293999724416801,0.6869556443784476,0.056494427290007636,0.31473297460377364,2.6811339521821167,173.17192436887765,0.006489242503559019
218,0.33189348080967923,0.6896506291558191,0.0006393542380204516,0.6896506291558191,0.057066680549497,0.315339625892455,2.534757454676403,159.60201509001197,0.006654582783564482
219,0.3319987992331601,0.6944563416306732,0.007225455824048755,0.6944563416306732,0.056505145247567605,0.23614924984688587,2.6594310414684785,172.52776722897585,0.0006379154488179619
220,0.3307939790440511,0.6882304420926324,0.0006326443404927213,0.6882304420926324,0.05690794312704172,0.31421068987822287,2.5277645556695414,155.81374112786088,0.006598777176330602
221,0.33332490643965695,0.6791653998674019,0.0006467521714819981,0.6791653998674019,0.056917920112968,0.30939600600474293,2.6157236897861673,166.2899828954742,0.006632999576903379
222,0.33167349019492354,0.6840826493761035,0.007254588473979911,0.6840826493761035,0.05665099605930634,0.23335196221300764,2.643572933334007,174.19120768611353,0.0006460368416733531
223,0.3312284696078979,0.6842049161415458,0.0006390893509230467,0.6842049161415458,0.05702028952612628,0.3111035207558172,2.6887310287818016,176.69735017683567,0.006659982787792798
224,0.33247872819029417,0.6968061159260154,0.0072631131865384885,0.6968061159260154,0.05656439098681834,0.23521112982277803,2.7063718533525263,175.5756200473194,0.0006404822395594602
225,0.3321304756023366,0.6943126340800595,0.0006439291883185831,0.6943126340800595,0.0571635495130071,0.31256194889825795,2.641567615733066,172.51456740326745,0.006660530062996675
226,0.33097064778360946,0.6981077737741396,0.007130541474444453,0.6981077737741396,0.05661373923500671,0.2334637652500215,2.6652979721171657,175.00259149018865,0.0006341644291393528
227,0.3308491362306282,0.7106407756246588,0.007352134693844616,0.7106407756246588,0.059026636801124764,0.2328288748747895,2.6657656740447346,174.2542709220255,0.0006521190822955513
228,0.33014964327317603,0.7069988119267575,0.000649329810326354,0.7069988119267575,0.05938617568649132,0.3133485611373183,2.652336442378326,172.36978999398147,0.006719588034524602
