,R0_35c02,R1_35c02,C1_35c02,R2_35c02,C2_35c02,R3_35c02,Wo1_0_35c02,Wo1_1_35c02,C3_35c02
0,0.4903407416141755,0.17582839976804593,0.0009549938243955948,0.17582839976804593,0.023987796977307768,0.11107779994486783,1.5262991184235781,160.375660613659,0.0053694208297732585
1,0.5027612446719895,1.0343948608550676e-29,0.0011655681861904867,1.0343948608550676e-29,2.805688360188543,0.23153823419023722,1.5186261441139066,154.76631686991402,0.01336813287011882
2,0.49695769983898724,0.18593538515741076,0.000912270851531939,0.18593538515741076,0.02337667929838456,0.11399907033578013,1.5943708165153394,164.64691869640342,0.005265080102078915
3,0.49574445458594635,0.18777867030989764,0.0008996233740557927,0.18777867030989764,0.023392254648098604,0.11656397253465905,1.6109183058161793,164.84359600740984,0.005217196111406642
4,0.49506075647080505,0.19107271698413558,0.0008864165739062574,0.19107271698413558,0.023093881299535997,0.11586478346410066,1.5901978175095126,161.4603959167903,0.005194833428806334
5,0.4943436125401861,0.19269130847256533,0.0008905347579426298,0.19269130847256533,0.023029555090608174,0.11667687129132366,1.590880947343888,161.4417806264868,0.005188051654399824
6,0.5010878057028763,0.0012515181604704536,0.0011251591293642781,0.0012515181604704536,17.02842166009855,0.24243793071579953,1.5308863570734472,148.5604617850423,0.013321023922559424
7,0.5011889542205042,0.24392100899669028,101.78595808657337,0.24392100899669028,0.015715425272663733,0.16074463051735868,2.468598973295895,536.2291715628231,0.0011728136702277298
8,0.491361207830969,0.19223402613675328,0.0008770713286482699,0.19223402613675328,0.023307209141554985,0.11628340568673551,1.579017192819058,154.34668374284138,0.005132339752682175
9,0.49235863194361507,0.1914145369998963,0.0008770473382536173,0.1914145369998963,0.02343271685344768,0.11689933915109084,1.5627555038876586,152.33429194463665,0.005171038717851627
10,0.49137935693689516,0.19291037145213624,0.0008764978538129204,0.19291037145213624,0.023432302582772326,0.11615667253884851,1.574740048348186,157.19595356562658,0.005231037920214312
11,0.4897675090030992,0.1961569304346412,0.005584182040979679,0.1961569304346412,0.023835290729296618,0.09546115560156732,1.5643304002501117,153.24445151744519,0.0008696651519209964
12,0.48745489229509914,0.1970049427769185,0.0008545830161258578,0.1970049427769185,0.02327069124855911,0.11812371431839812,1.6173353755213196,160.97709741752826,0.0050903649159006305
13,0.4844588249787024,0.1968209269280356,0.0008684437430451667,0.1968209269280356,0.023438099290448038,0.11704199539441003,1.6449800440770947,164.4378200355205,0.005291319665147872
14,0.4847911325581066,0.19643259423133094,0.0008718455125685177,0.19643259423133094,0.022987324639538828,0.11619703981091671,1.5999733695300027,159.91701460505843,0.005158023135978643
15,0.48438519010286,0.19691646371465568,0.0008601987758960331,0.19691646371465568,0.02314797788549257,0.1163858759987894,1.6212077922363086,162.52339939182386,0.0051128469031122845
16,0.4834098587262538,0.1995035665286739,0.0008717040527951114,0.1995035665286739,0.023006044453867024,0.11524634255114354,1.616251218767343,161.75139694666433,0.005182277593859761
17,0.48145540080125526,0.2035004869983461,0.005375962127019272,0.2035004869983461,0.022809892377502222,0.09322418421099839,1.6426428341231778,160.72377480764058,0.0008646418302160394
18,0.47817960105960905,0.20230656504988623,0.0056879499064862475,0.20230656504988623,0.02359375217797674,0.09662865670696924,1.5717999046276454,150.94707423982874,0.0008489611005825107
19,0.4768256486063627,0.2010104018925982,0.0008622243378210219,0.2010104018925982,0.02281830340600632,0.11529633181329944,1.6217249024758655,160.49003748059303,0.005132860148251926
20,0.4782595434030107,0.19977087759029774,0.0056974281124922465,0.19977087759029774,0.023690284826470374,0.09475473183693667,1.6124089647518165,159.72435136303443,0.0008598268081080938
21,0.4756947583746172,0.2002268952717467,0.0008621234018307724,0.2002268952717467,0.023351001665417665,0.11568110470954505,1.625523611511385,160.6309200531291,0.00525765054767412
22,0.47446441621867236,0.20318267834237516,0.005812772208294392,0.20318267834237516,0.02377265207052797,0.0970476175041576,1.6137811423707153,159.0426113884131,0.000854256761189617
23,0.4719816556217628,0.20542887712523777,0.0056381450856505,0.20542887712523777,0.023555953277469927,0.09492640535758888,1.5812081613836442,151.7404349072319,0.0008581418580452886
24,0.4700549565162101,0.20444300416570188,0.0058670677245187645,0.20444300416570188,0.023768377180674767,0.09705788584013122,1.6369419567771506,160.41519858539527,0.0008447607303466089
25,0.47053470786280815,0.20367443260124726,0.005757798049458893,0.20367443260124726,0.023415164921876237,0.09484863897552134,1.606489812607873,157.2981294075392,0.0008551554769724337
26,0.4705065716523467,0.2038933633294267,0.005641064396285307,0.2038933633294267,0.02349933954563354,0.09346137171101038,1.6317087819573701,162.2159661654715,0.0008463762530620695
27,0.47177428075109823,0.20440289391500616,0.0055802727702315294,0.20440289391500616,0.023772173198703523,0.09337145081618253,1.6377730506430919,161.00287940211027,0.0008527192930088006
28,0.4778435151716885,0.0010218253010616494,0.0011243229603231973,0.0010218253010616494,1.1604649477329663,0.25359003234002775,1.6101319543298829,154.7376892651178,0.014046260401144747
29,0.4667393107378153,0.20905534581464827,0.005438040794756036,0.20905534581464827,0.023377451348370708,0.09334512663027748,1.633674368900202,160.36733192187214,0.0008450767821971138
30,0.4736576825577448,0.0010135150380134737,0.0011349004652248312,0.0010135150380134737,1.182088393783365,0.25484125819213765,1.6330398038806373,157.50192573904053,0.014126212648869438
31,0.46512606363463715,0.2090112057789629,0.005650206678910438,0.2090112057789629,0.02371406802092288,0.09401224768164038,1.5909663246039307,149.81967228454118,0.0008623919777488679
32,0.4630139251030234,0.20886175447673974,0.005930541197815304,0.20886175447673974,0.023834440090887445,0.09684965885613324,1.6497801436024386,161.1505739268501,0.0008520081802339378
33,0.4615294685905763,0.2115347513257778,0.005641080850842565,0.2115347513257778,0.023410943755982676,0.09467306870630499,1.6435737672508866,160.7417424183751,0.0008422264394966429
34,0.4612203497064385,0.21198887219270754,0.00575885005894289,0.21198887219270754,0.02354482993368939,0.09447547263443427,1.6039584911715281,153.43666880788942,0.0008544538817908405
35,0.4692733972775351,0.001042829577516721,0.0011554225760543944,0.001042829577516721,1.1697726225455871,0.2568193485524311,1.6210598776461158,155.2206689058362,0.014406234240976385
36,0.459544587506123,0.21269854090590729,0.005593689360603434,0.21269854090590729,0.023422045456590577,0.09381245329916013,1.6477171189236561,159.50788781899783,0.0008406731745287579
37,0.46313202760122923,0.21093821033721313,0.005796203203384051,0.21093821033721313,0.02365771944683184,0.09377588515545561,1.671895866291303,161.44213511310804,0.0008686218802719453
38,0.4641420759963719,0.21196808453642504,0.005890323955724574,0.21196808453642504,0.023795226145205246,0.09570085220946015,1.6501472684239702,159.33902076747728,0.0008442227746410408
39,0.4648987168446441,0.211916943868119,0.005846187938311864,0.211916943868119,0.02406662215821937,0.09500454157817687,1.6520332582032637,160.4890747817147,0.0008560956555042653
40,0.4649615462504748,0.21505697570371762,0.005712883979339545,0.21505697570371762,0.02348521768713482,0.09418360964907406,1.6023164644609635,149.49098740917435,0.0008543957861372175
41,0.46686363253285684,0.21236009031364753,0.005702631366848372,0.21236009031364753,0.023356814256983684,0.09272115667325588,1.6681121949882112,160.26675239328787,0.000850132753788305
42,0.4827468083773608,0.2583545034684836,89.86367284302074,0.2583545034684836,0.016682672111099472,0.1571444071980245,2.468254689190984,525.1789453616591,0.0012149199236700652
43,0.48678493197777745,0.2578349911665086,96.79803843257086,0.2578349911665086,0.016806574744042263,0.15719334059936024,3.472048353852432,1005.5012267137326,0.0012073363870559086
44,0.48040145413312835,0.21420115566800024,0.005820153175333636,0.21420115566800024,0.02379722023965929,0.09396416564679118,1.6565410419721822,160.63739602334553,0.0008637428507053025
45,0.47904923591530335,0.21387450051803197,0.006072688674982602,0.21387450051803197,0.02416442718227026,0.09549009921037965,1.6523208936778078,156.00291327653792,0.0008724351828532596
46,0.47657815388436675,0.217325794558069,0.005856172168877218,0.217325794558069,0.023744780295342584,0.0945300096264555,1.6558104674958734,160.23554730704947,0.0008541593505796614
47,0.47753689712093433,0.21407126242542454,0.005828700960344425,0.21407126242542454,0.023822988763950698,0.09348685218286498,1.677348778004883,162.56109999058225,0.0008466500724552072
48,0.4780613074006589,0.2152938657117263,0.005783239048996586,0.2152938657117263,0.02384185544928992,0.09291012836288107,1.6524008775647872,160.31491711232297,0.000847676072082199
49,0.47961107534447034,0.2149268270613903,0.005888837280179995,0.2149268270613903,0.023897961846700438,0.0936746889994569,1.6192000654382426,151.13595480813126,0.0008492331802338244
50,0.47801241164272784,0.21835815605231151,0.00575154334654428,0.21835815605231151,0.023921560983666434,0.0931641251014267,1.6065384350976226,150.48548820634815,0.0008485550865016454
51,0.4758045028917671,0.2215641991186308,0.005725152154596172,0.2215641991186308,0.023425663171881442,0.09319329658699975,1.652702562919705,159.18723374296957,0.0008496869512148753
52,0.4736048899345309,0.2194731725648247,0.005994415720680064,0.2194731725648247,0.02395016485921227,0.09490561009269187,1.6638155387047298,159.60945838704347,0.0008628765428068164
53,0.4762909400377462,0.2192513772869655,0.005993579148969315,0.2192513772869655,0.023689126744724356,0.09373142346509271,1.6567594987817187,158.89988227500191,0.0008518378686876522
54,0.4756477262133575,0.21897021387658164,0.005906859517589273,0.21897021387658164,0.023879298188135483,0.09371662884485511,1.6128625342822167,152.15278609150923,0.0008434557737606094
55,0.4766097120223144,0.21918697698830156,0.006055213821260743,0.21918697698830156,0.024375532884962928,0.09506404205958259,1.6086922448223662,150.79672872851518,0.0008410990491137109
56,0.47384300211575103,0.22022598983998926,0.006117840561047345,0.22022598983998926,0.024297859881453183,0.09526531030812156,1.6696288508040589,159.8383452209543,0.0008613500661451428
57,0.47201987652411637,0.22212807693189526,0.0059773850319528605,0.22212807693189526,0.024115739529910484,0.09445247096163996,1.673945324816533,160.67800922114174,0.000844681552970881
58,0.4703840450265969,0.10765483066620787,0.0008635582559105391,0.10765483066620787,0.005388312641173001,0.23106961217554917,1.59515191717423,148.41395404616617,0.020398029528732514
59,0.472065591648527,0.2191954640649487,0.006228560243859894,0.2191954640649487,0.02437950263731268,0.09518752921371565,1.6627530223057418,159.92760613321317,0.0008555321733584781
60,0.4829031189632892,6.784382283880928e-05,0.0011762344369716188,6.784382283880928e-05,295.716788462623,0.264902656152601,1.693476513804531,163.79740838842923,0.014868137226926518
61,0.47517227692435027,0.2228986002855009,0.006027748890769035,0.2228986002855009,0.024187041455234884,0.09391205528622866,1.6731445806212057,159.38525990050357,0.0008618206220572619
62,0.47372676263772034,0.22450349354090218,0.005945350732615605,0.22450349354090218,0.02402758126639207,0.0935070255643094,1.7043510015730867,162.05152956045717,0.000851863400497311
63,0.4724613668075395,0.2247896010001946,0.005934124702074116,0.2247896010001946,0.02433038688646337,0.09380202216276916,1.631578697158248,149.47007066019776,0.0008443306346736136
64,0.484575103719837,0.26848114779217996,87.76235614504948,0.26848114779217996,0.01765813697442208,0.15813735744603413,3.6103798077809404,1089.2792066904597,0.0012397499906153676
65,0.4751428991465605,0.2238999158982189,0.005948374290664882,0.2238999158982189,0.024137496312918588,0.09262775654899137,1.6679820901633318,159.66837486570657,0.0008550826534673437
66,0.4764678435378455,0.22300965824914848,0.006151006042435483,0.22300965824914848,0.02431488330664605,0.09379454308827645,1.6371958606779837,154.5982898798423,0.0008453888698319003
67,0.4747329119119212,0.22571081268635257,0.006046955838967425,0.22571081268635257,0.024395494440481717,0.09389086592721615,1.6252339929062154,151.04427389050036,0.0008451956137328099
68,0.47320957068216,0.22779561855462507,0.006096323004521493,0.22779561855462507,0.02408979181807503,0.09418928977519407,1.6560826847185046,156.8059219558179,0.0008480899562188958
69,0.4816053870472239,3.244915491686634e-36,0.0011987632125727988,3.244915491686634e-36,303.5439950127617,0.2707265409241341,1.6746433941290764,158.6935127993859,0.015384761087425657
70,0.4720394577184401,0.22688749893420243,0.006021420126763339,0.22688749893420243,0.024491147655969884,0.09324599016434988,1.6745035131824162,158.49881106084354,0.0008611486578745555
71,0.47200681816390716,0.227760491796343,0.006026948063071126,0.227760491796343,0.024367282936009906,0.09348434559956567,1.612795311757032,147.65030451727532,0.0008474622296364861
72,0.4729633774176205,0.10804862591393552,0.000856722760229738,0.10804862591393552,0.005314878244297293,0.2404148838034363,1.655672089187053,158.07010433048424,0.02051115528670552
73,0.47142328043003456,0.2306213448791536,0.005809067479832882,0.2306213448791536,0.024174809702042985,0.09221114973469692,1.6252730519697716,147.9237757656179,0.0008348812699620779
74,0.4724785341432101,0.22982118543998487,0.006173704074577706,0.22982118543998487,0.024510336495994465,0.09463960881012053,1.65732244500371,155.3984007218429,0.0008425750178545819
75,0.47269335878382795,0.22971084582132004,0.005923254058656797,0.22971084582132004,0.024542894083419274,0.09274228424164123,1.6834700157197127,158.56627459306978,0.0008553848569722938
76,0.4861250215313125,0.1571875640135502,79.81877940080365,0.1571875640135502,0.0012533369717601796,0.2799555403898562,0.9315701354636745,76.34082670870993,0.016735941952684616
77,0.4872239533211416,0.2751348727964164,80.51831098788003,0.2751348727964164,0.018198829893337952,0.15934134243905926,1.1193652299740233,108.00497809382158,0.0012627922275391587
78,0.48625459112910346,0.2779720538781533,86.83214900982281,0.2779720538781533,0.017909000553881387,0.15861134733560564,3.474323402425869,993.5552342239743,0.001250374822207401
79,0.4852288635141371,8.012619905872622e-05,0.001204931546840963,8.012619905872622e-05,261.60527932573586,0.27617045955132175,1.7217166833393067,164.55564431274084,0.01551699020679175
80,0.47327534585311454,0.2324759265593805,0.006251995741647503,0.2324759265593805,0.024894602288740585,0.09543691320657373,1.6610460513630307,155.3496312801694,0.0008454569005700002
81,0.47574532767061206,0.23080337837512888,0.0063644432818992834,0.23080337837512888,0.024583168424394355,0.0947277028143695,1.6886840675817234,155.9082657942997,0.0008458735297298964
82,0.47756055196277414,0.23006217458589584,0.006428343695709468,0.23006217458589584,0.024908952310548117,0.09550725215866541,1.659140769760323,155.9367097101138,0.0008629263120732479
83,0.4776229970550417,0.10751713637657061,0.0008508832381975292,0.10751713637657061,0.005339775111082475,0.24327217535846468,1.6213885867374636,147.7896178344148,0.020674613806370708
84,0.4874932016998524,9.881762155702009e-05,0.001203480306527595,9.881762155702009e-05,200.64994445844292,0.2776082193894533,1.7513385762327633,167.3588349751945,0.015534855673632345
85,0.47554015362297236,0.23515521963031494,0.00606076024221021,0.23515521963031494,0.024640907783773272,0.09335335728826233,1.6911940053818928,158.43156712399073,0.0008420227651155983
86,0.47518586702900395,0.23510884261044976,0.006228674817749041,0.23510884261044976,0.024825880680432788,0.09465012100016325,1.6544330230512878,153.4980637374537,0.0008475161215323044
87,0.4768590768279537,0.23408511521979666,0.006098239921361334,0.23408511521979666,0.02445516919098978,0.0926380207573811,1.6879700184483153,157.9111851251128,0.0008370725103227589
88,0.4819007647062308,0.2331422140480344,0.006320749498611242,0.2331422140480344,0.024749625219218255,0.09305988527299089,1.648928407183421,153.477894596827,0.0008593336700819874
89,0.4826864013480169,0.23480720915945336,0.006241564260134207,0.23480720915945336,0.02468473622024261,0.09368597621603815,1.6733869161119137,156.75325081235306,0.0008371600575438886
90,0.4813426031313169,0.23630926791423326,0.006348730819030256,0.23630926791423326,0.02495421082880429,0.09475580097371117,1.6637799900156844,154.66855999570362,0.0008402785337517873
91,0.47900243473133514,0.23646244556204124,0.0063834551159905285,0.23646244556204124,0.024785576150340445,0.0946431847046231,1.7298401699775994,161.92969029901144,0.0008568282157601102
92,0.4773700762835019,0.23570601472793506,0.006113430333961816,0.23570601472793506,0.024638001925909626,0.09212702415055357,1.6905569364055606,158.3054521251551,0.0008472258456841782
93,0.4814068237764097,0.23484651297652584,0.006213087224330402,0.23484651297652584,0.024923028228515193,0.09253171510182594,1.6216202977174494,146.89366106265663,0.0008421696627890473
94,0.49260472223504154,9.950688864642609e-35,0.001220773946568812,9.950688864642609e-35,322.064143635445,0.2783778129370408,1.6888778017553125,158.03912128612163,0.015878047954622852
95,0.48157810457948796,0.23892081137536456,0.006166910339506618,0.23892081137536456,0.024818601308454136,0.09385714717206764,1.666470906296055,154.4577968247983,0.000840841459214577
96,0.47876021366457266,0.23843433330070662,0.00634359864286666,0.23843433330070662,0.025150210007928633,0.09537983024389234,1.6934109941783193,158.2629520968245,0.0008160701198024387
97,0.4768554587312562,0.24161850025035075,0.006224099402826566,0.24161850025035075,0.024912043185639422,0.0950756107169807,1.633415901131417,146.71529500107712,0.0008315899073570701
98,0.4867465009736856,0.0007540614292931592,0.0011822691361667468,0.0007540614292931592,1.8598632811117857,0.2818457135019987,1.7329387616762204,166.95482030808978,0.015956414374020764
99,0.4784103808011026,0.24068646816768438,0.006127209528431133,0.24068646816768438,0.024645100615100033,0.09189257441607082,1.6919596677444757,158.4666483432239,0.0008461317293669162
100,0.4787519019286668,0.24001524789806794,0.006479421962732244,0.24001524789806794,0.024754983138778625,0.09447074084337712,1.6875460857819957,157.51248618786607,0.0008429902982159547
101,0.48813746847990613,0.28934103227420643,82.90953208881078,0.28934103227420643,0.018475076456841412,0.15855051528272968,2.127001300997155,369.69842070237115,0.001264733028751683
102,0.4727895819335786,0.24399353604750726,0.0061681429221357945,0.24399353604750726,0.024887170272125256,0.09439318056938006,1.7088799452075674,158.44179027892525,0.0008166473719732635
103,0.4824208774184974,0.28955853816510185,80.82892316354348,0.28955853816510185,0.01885853478250358,0.16113734209867966,0.9680579473346181,76.71309493570206,0.0012572569677506635
104,0.4709919343830693,0.24293921397801338,0.0063570519538540616,0.24293921397801338,0.024668718692864706,0.09439574165935158,1.735882403457455,160.110691416395,0.0008345132911254344
105,0.4712777319273364,0.24064691166044236,0.006379442465712869,0.24064691166044236,0.025278373249504178,0.09432915766461933,1.6329824491031384,145.99750172976877,0.0008264272769174525
106,0.471671952523723,0.2422494563689243,0.006488527007068102,0.2422494563689243,0.02506680392138911,0.09491328887811323,1.6964303667016458,157.91673846551586,0.0008307468961165967
107,0.4703565344862682,0.24726003584199074,0.006200501300858458,0.24726003584199074,0.02497436558305267,0.09450638459742997,1.6443772288827547,147.34006114631495,0.0008132820351682633
108,0.4685546379388852,0.24727626541135816,0.00615783360429512,0.24727626541135816,0.02486341852466823,0.09394677754603398,1.7510233443616032,162.1904569985026,0.0008176682534436407
109,0.4669497172929773,0.24793450036495449,0.006161747409942094,0.24793450036495449,0.025112600338636114,0.09449575622178967,1.699073372611236,157.05564684204876,0.0008176070310059457
110,0.4659005707716901,0.2482940253528568,0.0060566864952236905,0.2482940253528568,0.02496593554673259,0.09339343367596209,1.7400185133335306,160.64279651171415,0.000820058788556398
111,0.4650243840812587,0.2472662368141436,0.006388071275960061,0.2472662368141436,0.025547539128326305,0.09578553115119406,1.684929587984696,154.0807814908988,0.0008167992896889541
112,0.4642053276562214,0.24897877436566782,0.006243559208725521,0.24897877436566782,0.02539207642413565,0.09570364422426406,1.6542886052876637,147.81652641180435,0.0008087419763863811
113,0.4645468616312659,0.24861156269374032,0.006260876425326525,0.24861156269374032,0.02528334186934111,0.09516574710235977,1.7512384018075027,161.84811912307043,0.0008242550695888284
114,0.4652242639670176,0.24987627959632389,0.006273666578408723,0.24987627959632389,0.02537366859385504,0.09502175768835443,1.6545891282564997,147.923923223495,0.0008248322386336328
115,0.46408353686645526,0.24855376929744283,0.006560086713394941,0.24855376929744283,0.025709948969636576,0.0975783688142456,1.7266076408730644,158.87780305946325,0.0008203118111988425
116,0.46368286929339075,0.2484231929783868,0.006489497228314806,0.2484231929783868,0.025687393119197675,0.09667271454797115,1.6514185976282514,146.89953585379982,0.00080491532652253
117,0.47681719995767796,0.15961035041201485,72.49042668866521,0.15961035041201485,0.0012665583665136526,0.3007365635983973,2.0330082267726,358.9775652896056,0.017871357292342325
118,0.4642648426699458,0.2510835970810264,0.006251603187122254,0.2510835970810264,0.02544942295606302,0.09471106746343087,1.6921116612686402,154.40546192306113,0.0008100127013755057
119,0.464232760845711,0.2531861299383592,0.00621056548558643,0.2531861299383592,0.02524813600211719,0.09431820400681362,1.7187274741100895,158.28953620443107,0.0008196685844869972
120,0.46362385749191454,0.2527645890772679,0.006211015293175394,0.2527645890772679,0.02535556617078239,0.09439006296910331,1.736946043414159,158.96577444116306,0.0008131556944695805
121,0.46634966829929136,0.25024442227932986,0.0063152422654727015,0.25024442227932986,0.025463240086519484,0.09411305433442106,1.6505585982070778,145.55009441532448,0.0008152559655919048
122,0.48054238675357086,1.3231170197953425e-15,0.001233622006699519,1.3231170197953425e-15,0.014581555483092815,0.29167448153636744,1.7383903255877056,160.14425609660827,0.016614464042947318
123,0.47027616718287163,0.2503401717172078,0.006554624179870323,0.2503401717172078,0.025469452519371147,0.09552454053152049,1.644663387469592,145.30182207188446,0.0008204013234124366
124,0.4700985461895793,0.2526622400798721,0.006499542396830148,0.2526622400798721,0.025659997256558997,0.09590927373371681,1.6602101200542934,147.72946221796948,0.0008152015141897105
125,0.480047337801981,7.344570458132323e-05,0.001231838907763007,7.344570458132323e-05,311.5961611839993,0.2957314503717534,1.7116430419459265,151.18683803507497,0.016812306562954144
126,0.4674334814750805,0.254502222202241,0.00642890193106501,0.254502222202241,0.02560603987205823,0.09578609514458394,1.7397520842835512,158.79683397113237,0.0008080005117224302
127,0.47944168283236227,0.0008283982836923538,0.0012214741555636199,0.0008283982836923538,1.8301396353847128,0.29316781127789443,1.781420116318936,170.675436594604,0.01686195153484618
128,0.48175510699376556,7.51671942243003e-05,0.001212831032022232,7.51671942243003e-05,268.79207236720765,0.29305762594849966,1.7660082504190662,163.87431824679035,0.016631153710087398
129,0.47177684630824646,0.2514783993558456,0.006449314426067842,0.2514783993558456,0.025834036705458755,0.09418570519594768,1.6529693007582795,146.76175812283282,0.0008194930608352484
130,0.47115076389742144,0.10948849718117977,0.0008133778028365248,0.10948849718117977,0.005565269979572703,0.266778051895106,1.6983427035506768,156.35169188540752,0.02192935024945865
131,0.4810184098487018,0.000886424641970422,0.001242221714453615,0.000886424641970422,1.7547723772754888,0.29756983722704133,1.7971451701015755,172.06838797971744,0.017118029131236046
132,0.46877309307441944,0.2572845554095238,0.006516129976706991,0.2572845554095238,0.025899163587518207,0.09635929357991237,1.6652117935208761,147.4334964958608,0.0008227921996521089
133,0.4694118258271877,0.2551642106987043,0.006426333459062248,0.2551642106987043,0.0255862647574833,0.0939687291622069,1.6998363157865306,154.2695295016479,0.0008187586819905016
134,0.48319001955375923,0.15747342669505865,69.68854120976003,0.15747342669505865,0.0012934475363766632,0.30366198077294326,2.0158100163343966,361.70917428587967,0.018315524470101166
135,0.4840440415202715,0.0010460120548209835,0.0012242471300727292,0.0010460120548209835,20.40924226188414,0.29512431505486025,1.6878999476365084,152.45485947125542,0.016989054880014665
136,0.47284866256236313,0.10874011923132816,0.0008306716252491716,0.10874011923132816,0.00576520634796413,0.2679750047954076,1.7117007507349815,156.82522285875197,0.02212573147650646
137,0.47104837371440594,0.1105602165384764,0.025819565988730114,0.1105602165384764,0.006585080754267177,0.0962114798359007,1.7427849060171186,157.9268221042187,0.0008252008059718219
138,0.4701651025068011,0.25884977349014077,0.0064303949439544275,0.25884977349014077,0.026007276564112922,0.09519775762542142,1.7463790524982485,158.73735577547956,0.0008119884529373604
139,0.47289349054152574,0.25733827366513545,0.006387184721224497,0.25733827366513545,0.025607334369654136,0.0930392491244662,1.7067652447622845,154.76977516797356,0.0008308879524922807
140,0.4743991053136644,0.25768624681664365,0.006374129985292545,0.25768624681664365,0.025506075899044755,0.09344944554994003,1.6979543631477934,153.40253586913002,0.0008093383931317616
141,0.47612195693583903,0.25660394133580045,0.006833621881529975,0.25660394133580045,0.02595301527531398,0.0957622299606459,1.7089425509640899,154.69628261597808,0.0008215843079011781
142,0.47348701829823897,0.10983383553911963,0.000817675867554747,0.10983383553911963,0.005636283274860908,0.27053280621862386,1.7152352953723464,156.99658982395442,0.02222183349879203
143,0.4853797590279545,0.15954928714926628,67.23258332573765,0.15954928714926628,0.001288233775207735,0.3127170844532178,2.036626118233145,369.0669572265981,0.01848485281347274
144,0.47160523439485097,0.26049127715621295,0.00640003802707653,0.26049127715621295,0.025740442003359065,0.09377811432490922,1.739552594757322,158.86758766490016,0.0008147120964957093
145,0.47569868446364005,0.10572988758154538,0.0008355441864276224,0.10572988758154538,0.005811708319866063,0.26862425181843563,1.7147420495421555,156.52563973694149,0.022137602013709103
146,0.4848547335697938,0.25769342827422376,0.006685255154659116,0.25769342827422376,0.02583573436447465,0.09435103822141855,1.6828047999684816,146.35693212322545,0.0008241222967707811
147,0.5115975455243871,0.3039115556494455,73.797351855173,0.3039115556494455,0.019986354639477226,0.1588929657972872,2.102945745535391,367.10383989530095,0.001296211650166158
148,0.49651836513696124,0.2614742557190787,0.006487586629287356,0.2614742557190787,0.02586441204852026,0.09427529777115465,1.7541428831098558,158.89147199551985,0.0008122130614671625
149,0.5065286836557501,4.8906342153845814e-11,0.0012285352460617654,4.8906342153845814e-11,0.004442698926362238,0.3037655795454095,1.6936033293403152,147.14743461295689,0.0172401004861702
150,0.4947676990259758,0.2640282277419457,0.006378447733171618,0.2640282277419457,0.02571365042948508,0.09340888950187484,1.7451325598820626,157.5969616030616,0.0007999999372903652
151,0.5076438160102164,0.30477111198917484,70.37755703582344,0.30477111198917484,0.020050931560680878,0.15777297526761344,0.9830147639106481,82.46919447890836,0.0013141852363092088
152,0.5032662496380803,0.2611514109978768,0.006761358868819063,0.2611514109978768,0.02588946744140723,0.09456867289063674,1.6997805890890962,152.51334310708754,0.0008284026621158515
153,0.500770006071525,0.10825218620047206,0.0008228825587132388,0.10825218620047206,0.005760605561126368,0.273609137101965,1.7238663477905525,156.56128823208752,0.02241973327561958
154,0.5088966725743236,0.40550970245900136,0.0012951152056732997,0.40550970245900136,64.58667051070232,0.31631139533778163,0.8688877279876385,67.14063098732672,0.018724162485170646
155,0.4938905542197105,0.26779552761720377,0.006159144969007714,0.26779552761720377,0.025714219612879907,0.09224687327827313,1.740846913173984,156.90126326025106,0.0008077413144597822
156,0.5048388517804362,0.3127028626954782,71.8479263171907,0.3127028626954782,0.020133248717616764,0.1610737234959945,2.11787230398403,370.1700572919106,0.0012965990307802805
157,0.49156114623989494,0.26430832561836487,0.006833401223011668,0.26430832561836487,0.02629162604830566,0.09627369443029997,1.6840676052517887,145.13686502568788,0.0008156466229387907
158,0.5038523581892977,0.31234139921359577,64.5710416119387,0.31234139921359577,0.020353400874915797,0.16053863565221727,3.6441283219995335,1163.0863550717943,0.0013088928300069263
159,0.4892579585611428,0.2682711763701186,0.0065297070518723,0.2682711763701186,0.0262090061730523,0.09444908519305635,1.7109674832939281,151.85502320638034,0.0008173507444802815
160,0.4876969151626597,0.26920346399456196,0.0068471061969293725,0.26920346399456196,0.02624104975024961,0.09710360492338535,1.6979927499235892,149.5008538083119,0.0008262672628909183
161,0.4987115411993966,0.3071973206306054,0.0013069617113424775,0.3071973206306054,61.017368700003026,0.32173832481952414,0.9415752887033645,81.56244638684716,0.019070242643836534
162,0.49832317988036134,0.3508349455842611,0.001322081316734086,0.3508349455842611,64.98543074396117,0.31749204546750753,1.9722579414979693,344.50650906418264,0.019049470597543586
163,0.4981717200983663,0.0009019593376498529,0.0012511866498812133,0.0009019593376498529,1.794001013608953,0.3058177107073143,1.8595451412712853,178.0245120217269,0.01767215221122949
164,0.4891725899264465,0.26864397419913205,0.00640909394630526,0.26864397419913205,0.025945154221891052,0.09234316744249306,1.7131552012113012,152.66833685964545,0.0008185476752612523
165,0.5012045121711705,0.3139621198046808,71.32616089256801,0.3139621198046808,0.020544606339456917,0.16087265942383056,2.0975011519012847,360.70797507404757,0.0013310911369209118
166,0.49852821633950184,0.3387225861401883,0.0013125011123310746,0.3387225861401883,64.89538740002129,0.32150124263952773,1.9939456545651142,351.19119357089227,0.019221745587226405
167,0.49674069547795713,0.35942439981683294,0.0013174814744414223,0.35942439981683294,65.04011112954012,0.3222955655784098,1.9965500286686304,349.1250687213745,0.01910610488899617
168,0.4948767592462296,0.15852519454019104,64.90195847619866,0.15852519454019104,0.0013312488386212752,0.3191729322686002,3.3402874479209346,994.0878136231826,0.019122248406532035
169,0.49531860790871285,0.3152681060007106,70.86922635953009,0.3152681060007106,0.02032920758524665,0.15895296940565395,2.098642310646356,363.5273172144054,0.0013113143622985191
170,0.49625611983730344,0.3153609006566238,60.06587599136578,0.3153609006566238,0.02065326291430247,0.1590314403711458,3.829716265984228,1293.6251217316492,0.0013364915961196159
171,0.4947844009883557,0.0009424968995868174,0.0012507068328775671,0.0009424968995868174,1.7658421500792014,0.31187910273874037,1.8795054061192626,178.8343570604464,0.017909344263917864
172,0.49317123567024523,2.1658103899914885e-05,0.00124424369763676,2.1658103899914885e-05,947.070096904764,0.3143674956740159,1.772105627385784,158.53636260444011,0.01773846054102047
173,0.49395262276859936,0.3195643529392822,69.26444610068393,0.3195643529392822,0.02069579095460263,0.162014431413486,2.11576460097294,370.04339251544377,0.0013450008846670077
174,0.49065978538629407,6.156048540095543e-07,0.0012622076574796833,6.156048540095543e-07,3.5673348443144617e-06,0.3125638869517376,1.7650981130885617,153.9484666604765,0.0176898843096579
175,0.5523333265655117,0.0017749839499963194,158.80746975038582,0.0017749839499963194,63.032368964602824,0.3967443466794751,2.7632905045914584,421.72443272577596,0.00877508451859294
176,0.4838385449729751,0.27154318692094565,0.006588688697933665,0.27154318692094565,0.026128483611532638,0.09272017998412307,1.7617989144428308,157.09487357727258,0.0008132718734222435
177,0.49610055521441243,0.160386910188766,62.83585739191459,0.160386910188766,0.0013300647991969239,0.32521175015163306,2.0064096557546587,359.3508063727651,0.01937757020633506
178,0.4807732251675741,0.27521655692772484,0.006728417054134473,0.27521655692772484,0.02654601945889527,0.09586061717624347,1.7732781000310014,157.21607775484395,0.0007970089151412151
179,0.49324852800781727,0.3264798072982314,0.0013117329433936069,0.3264798072982314,63.12747750091282,0.3280063616870432,2.00427188467325,354.0718220768507,0.019386890604853612
180,0.49183586234789733,0.3199183146857488,67.20597741718352,0.3199183146857488,0.020799029378917797,0.15975475104510387,3.4526052732212467,1004.6061415240418,0.001334910165409427
181,0.49208721960069307,0.3174385340048202,67.58296344333658,0.3174385340048202,0.02092971621016581,0.15978425189480638,2.098298908695868,362.37000920808947,0.0013563750984558023
182,0.4792752016340609,0.10835488393090213,0.026560306704642028,0.10835488393090213,0.006871686761700583,0.09515051989106436,1.7170038746688445,150.87596474273687,0.0008194669703666121
183,0.4914584188630388,0.15972851789838788,59.21200367716695,0.15972851789838788,0.0013142315420552307,0.32874931530896556,0.973649245878064,86.99624493829783,0.019419341556313686
184,0.47685793669546195,0.10965573678861996,0.026484937363396018,0.10965573678861996,0.006785508303233291,0.09613445584809031,1.786558175299729,154.40457779330896,0.0007945422138886547
185,0.48972194527197044,0.32486776842542303,66.22989612718901,0.32486776842542303,0.020948072146754957,0.1618464772200845,2.0880974323336683,353.61338859414843,0.0013347817205417855
186,0.4881537019165261,0.3225705721504201,65.15240707253564,0.3225705721504201,0.020901307686247973,0.15973780893014305,0.9513855556910829,73.27614819629486,0.0013070422286356798
187,0.48853311252302256,3.0958847574991275e-05,0.0012772157116523785,3.0958847574991275e-05,760.2641267377124,0.31550031916420535,1.6971910704462285,144.95827192809264,0.018149916110873424
188,0.4772739193263766,0.2776534055552124,0.006669694278698366,0.2776534055552124,0.026374264260752234,0.09420589277447292,1.7417811628690372,153.66095403985406,0.0007986033786909185
189,0.49014777146538857,0.32591801002282145,63.04523688143946,0.32591801002282145,0.021114248548289506,0.1610660192245549,0.9990861763317908,85.59914563420979,0.0013462565189837803
190,0.4737653225576421,0.2812867523926468,0.006686021172234656,0.2812867523926468,0.026636396439084803,0.09544506639548074,1.7573733353979881,154.61421445259222,0.0007840396583902449
191,0.47301598481131935,0.28083759598269725,0.006894282589719692,0.28083759598269725,0.026838439459052604,0.09650827691756338,1.779294753461111,156.9905769219399,0.0007945517945287469
192,0.4716512588554123,0.2815274044903743,0.006704860500559492,0.2815274044903743,0.02684688406056892,0.09561864935916857,1.7772695354565,156.719329295708,0.0007953618110806442
193,0.48483786751497515,0.16134856111045168,59.942624207261666,0.16134856111045168,0.0013379490104035838,0.3323130666146796,2.0157605547702717,366.36161620095675,0.019730385964865836
194,0.47097105108324544,0.28204135135156855,0.00693293116828973,0.28204135135156855,0.02697671395131465,0.09696253302430749,1.7046725354331473,145.4588654978357,0.0008093137994778741
195,0.4701229663545354,0.2847222022864858,0.006574842879413574,0.2847222022864858,0.026688073174534935,0.09494372804529672,1.7442055719963558,151.66514779667904,0.000801042380532916
196,0.48361871590166444,0.3750748601530177,0.0013428166094793176,0.3750748601530177,60.68762400985227,0.33534037814329565,2.0119437374980293,350.17231060168353,0.019917433314292417
197,0.4688927188478371,0.2863194926465236,0.00639732917657815,0.2863194926465236,0.026728301022240265,0.0942220712194428,1.7983712609353943,157.58913167936745,0.0007873245633041214
198,0.4686705607405571,0.285211076264252,0.00679642079830774,0.285211076264252,0.027147223615208403,0.09703829575421137,1.7789182350934778,155.65680211667413,0.0007854232791026805
199,0.4680597538507595,0.28353358009554125,0.006842404757760151,0.28353358009554125,0.027397560327376818,0.09687615947669169,1.7257070409953617,147.63153561461172,0.0007881968174669191
200,0.48177825833035,0.3352957695208987,0.0013384711067345664,0.3352957695208987,53.934006419282134,0.33789997542971834,1.2759386893127065,147.48292809523358,0.019955941963150037
201,0.46759784437688895,0.2865536774618374,0.0066544548120097,0.2865536774618374,0.026812661426580793,0.0952389351673391,1.7698856755956236,154.23417069033408,0.0007951602332976263
202,0.4675110464445176,0.2876209434867236,0.006792917006320029,0.2876209434867236,0.027052880485043975,0.09646560668997384,1.7658915864011016,153.46817130967867,0.0008023878739795283
203,0.480775835317427,0.28982921340984324,0.0013379392518862918,0.28982921340984324,57.607785217769376,0.3393509020575366,2.092724818908446,395.7041469391194,0.02010679511281136
204,0.48050679443731886,0.16095136608653157,57.53692295907907,0.16095136608653157,0.0013613170460017067,0.3348650562734347,0.8624920790402175,65.84167547967277,0.02016232337891241
205,0.48415155770361035,0.32997507564352146,56.24898362379034,0.32997507564352146,0.021418275618809574,0.1600991401993118,2.5524148258727375,572.3338124170162,0.0013649119875883515
206,0.4884095801501649,0.372021973635422,0.0013642537936882175,0.372021973635422,60.18967150869507,0.33420038095642285,1.9924142507051381,348.55501470322974,0.020093668931458943
207,0.488779112273777,0.3322668235180143,63.251795217093374,0.3322668235180143,0.021566005261684947,0.161963195630757,2.149814928896059,388.33265012804304,0.0013654564037220264
208,0.4875062741488359,0.33374102249619936,62.39098584986414,0.33374102249619936,0.021565528233122057,0.16254482277784035,0.9468362546273557,71.70280379168184,0.0013541417635983721
209,0.48643240557254963,0.3339486476470354,63.18344879784043,0.3339486476470354,0.021633341647894076,0.16317218970409036,0.9554725759924007,72.27925686041517,0.0013658551312154981
210,0.4855651651115987,0.3140896243264049,0.0013426518942690024,0.3140896243264049,55.96427831911234,0.33836733383863277,0.9154503859759602,77.50121728419353,0.020043592099036493
211,0.4754747449660307,0.28504061559351673,0.0071451713997721196,0.28504061559351673,0.027488975274923468,0.09649877420133063,1.7027411332022389,142.65177573132337,0.0008107803786793578
212,0.48979598603491686,0.3316895740304269,60.256178278086665,0.3316895740304269,0.021677442697051866,0.16116395305744927,1.604067608205819,209.05531588128105,0.0013534867059948473
213,0.47527867007941516,0.28854590630255744,0.006991276759326462,0.28854590630255744,0.027469064609839347,0.09642092176891781,1.7034435423456702,141.71201057744554,0.0007900607176862604
214,0.4883070037524282,0.33546361613620806,62.9917729640494,0.33546361613620806,0.021721347828715546,0.16265736052162091,0.9546378584585636,72.23667408198864,0.0013646785957174324
215,0.4872403195583946,0.3368665571386046,63.107791395248704,0.3368665571386046,0.021713941908348168,0.1626496098412656,0.9703982945078581,73.93019145749824,0.0013559178351165919
216,0.4739833877709723,0.2884294445031377,0.006944802169045069,0.2884294445031377,0.027385287241448925,0.09528007535100039,1.7014516548603171,141.91844324659476,0.0007915420123309069
217,0.4975593594064184,0.16038262542282974,59.55507451838884,0.16038262542282974,0.0013632780378472443,0.3387276921147806,3.306226894139927,965.6184626162898,0.020357277042125983
218,0.497126928260593,0.2875127260975633,0.006891889084561105,0.2875127260975633,0.027373023768700364,0.094528211632636,1.7959770999170492,156.88013290542466,0.0007969528076670635
219,0.5126699695583207,0.3299828296319751,0.0013834120293447808,0.3299828296319751,52.982669205122015,0.34095450450621373,1.2564745242104065,142.68571226039714,0.020539338181484058
220,0.5098291448127339,0.33819082512761445,61.72843672344158,0.33819082512761445,0.02186321747148916,0.16186071453519257,0.9534673541521935,72.33864547546024,0.001353089514077281
221,0.5080469732498674,0.33830471708350357,64.52895402298697,0.33830471708350357,0.021928112332893247,0.16252982745150743,2.1261650461040413,359.92017292328853,0.0013746492829573046
222,0.5053821669278631,0.3363301960232494,63.730309931194604,0.3363301960232494,0.0218344097831788,0.16069722703499723,2.110224700411144,355.4744104968445,0.0013584594002670409
223,0.4973755855391173,0.29012292234350917,0.006861308206515683,0.29012292234350917,0.027371789503192145,0.09505298880968144,1.790272232797763,156.0478618182865,0.000794238485329984
224,0.5155016750493306,0.0004095535248917265,0.021034659728994234,0.0004095535248917265,4.840545240785868,0.1554804012696893,1.8101657242321045,157.73813741970952,0.0013151401441042995
225,0.5214421418273789,0.3387379787389218,59.526262580067375,0.3387379787389218,0.02208563078584821,0.16179077733975988,1.8223718778542388,268.26739484390254,0.001365083188797723
226,0.5177113291835334,0.3080397495328913,0.0013502578120169544,0.3080397495328913,55.92411403841761,0.34561918448960294,0.9505644817366792,81.48530703414299,0.02048617056779685
227,0.5158755238995082,0.34155554073142,63.64949276930542,0.34155554073142,0.02196344512872735,0.16273167131520214,2.1428848628652477,365.4402314696737,0.0013381916975860274
228,0.4999512586910966,0.29255626221090514,0.007063414847883016,0.29255626221090514,0.027539384070073884,0.09546392660592454,1.7891479124106695,149.30749490804317,0.0007936941166739554
229,0.519764324656004,0.33845827809465656,58.11603509152404,0.33845827809465656,0.022216684662799083,0.1612362476335009,1.0566960126429432,96.31238156001642,0.001381193104193608
230,0.5084649131594869,0.29258868671918026,0.007064739348885962,0.29258868671918026,0.027463729502282576,0.0955856451761619,1.7590664906371143,150.84528773486136,0.0007950902075508242
231,0.5281053850568419,0.33985865265037624,61.88622406489993,0.33985865265037624,0.022071590834486416,0.1612569793508816,2.067023989961544,339.74398181759597,0.0013748623849036692
232,0.5248276712623356,0.3427204816223025,59.143751236252946,0.3427204816223025,0.022254376634578476,0.16286295614551016,2.241175636934453,424.6612839735793,0.0013688076816151386
233,0.5228943310640549,0.34426229896683475,58.833175098356364,0.34426229896683475,0.02225451127410288,0.16273382121095878,2.2289649232080757,419.8018535258417,0.0013673265731094224
234,0.5212580904504902,0.3206447545740258,0.0013907607285473748,0.3206447545740258,51.00383586891869,0.3495561810811306,1.2141357364612655,134.45224780974857,0.021058017260140695
235,0.5193331665499942,0.34224829738245055,62.95957370613301,0.34224829738245055,0.02225904875913444,0.16252937756522867,2.1344468986578544,361.5014504175774,0.0013642496556586577
236,0.5088941767223777,0.11128267036647843,0.027764188904793607,0.11128267036647843,0.0069017634836594215,0.09511233456210441,1.8101750034404624,156.47349353106057,0.0007916935948699169
237,0.5095766469182027,0.29799430150026623,0.006987225311316698,0.29799430150026623,0.02784473734488795,0.09582137026805042,1.7780307062855385,151.73614865273714,0.0007808605522088574
238,0.5230125388207204,0.34481359632626607,60.79247838046524,0.34481359632626607,0.02240977627051317,0.16265087573132106,0.9362125993515364,72.11038793531472,0.001397683038932252
239,0.506459611325626,0.3003358411164584,0.006993377042692507,0.3003358411164584,0.027876440016177544,0.09610464333643055,1.797413863886603,153.78555148979342,0.0007866907159002355
240,0.5198159564388951,0.34677288950421875,60.51000298974678,0.34677288950421875,0.02244934219690976,0.16322529792024879,0.9543682304652719,74.93536669972336,0.0013914637892719092
241,0.5034504720268912,0.2988726908266914,0.006973814621418042,0.2988726908266914,0.027947899260017513,0.09561852391636677,1.8333400937599444,157.16066352757892,0.000791237207281984
242,0.5179888550416195,0.3452824343617383,57.301251537621354,0.3452824343617383,0.022485597768060143,0.16252110485633864,2.267894604692411,439.2372652196922,0.0013878731457109023
243,0.5043519795049793,0.3010313188052246,0.00691811769123668,0.3010313188052246,0.02796976007886163,0.09470125612301378,1.7677923580490489,149.1120058438034,0.0007842486163758853
244,0.5184600249555809,0.34869441128745293,56.63360569695548,0.34869441128745293,0.022526046305315777,0.16327667334697013,1.0831855708071296,99.28366945051997,0.0013865761723723617
245,0.5175700427310702,0.3421499638007803,0.0013926752389100626,0.3421499638007803,57.19492023221016,0.3535475689512884,2.0031761740688734,347.97194895608334,0.021167135996790022
246,0.5152348564440791,0.1609899758478728,55.18357788850675,0.1609899758478728,0.0013689943370853136,0.3525004249075815,0.8723142103199771,67.48747230000211,0.020933414939121587
247,0.520995914559666,0.3463996798837678,59.48979310802625,0.3463996798837678,0.022411976577308527,0.16092754468648812,0.9927600498148567,77.36453907743163,0.0013602527021037317
248,0.5117899254122237,0.29897623635698495,0.007117634679597662,0.29897623635698495,0.028069074859962267,0.09508555075234218,1.7862683648085265,152.41032625931157,0.0008008070743201852
249,0.5277606533583454,0.3045610089523073,0.001416821371312929,0.3045610089523073,54.96873810269623,0.3506410072867702,2.0357210495035356,373.1270919675641,0.021171237209411865
250,0.5264679712299086,0.3489755311349144,60.450220048239224,0.3489755311349144,0.022677335182327524,0.16255297574194363,2.0780041651873704,337.48651142720877,0.0013916995412833924
251,0.5243045257001411,0.35049314378200236,55.319139987216346,0.35049314378200236,0.022794587234836735,0.16354816937911287,2.3603919946363527,475.70471289847666,0.001390177106300903
252,0.5229801416758432,0.3506446275555912,61.5986529564687,0.3506446275555912,0.0227217709934661,0.16328479047091873,2.1394768077060333,356.86160881633253,0.0013855787450745948
253,0.5246709771773717,0.3485287283513822,58.15007324922501,0.3485287283513822,0.022604435987198423,0.16186432363274583,1.888711616133611,281.88584086290064,0.0013881023431455072
254,0.5280351830096184,0.34766669553235396,61.8456848875393,0.34766669553235396,0.022590530495288145,0.16069676134293234,2.130611688801658,354.60534762550117,0.0013917473661015595
255,0.5279852653591264,0.3469893456251149,60.40254298137903,0.3469893456251149,0.02272043465560873,0.1615392285369997,0.9100378502900834,66.50852473498853,0.001380111466290373
256,0.5295080913933057,0.35009781441371934,62.358626277110936,0.35009781441371934,0.022738006798377723,0.1625425011221507,2.1288310564867396,354.8296141479056,0.0013855232019238633
257,0.5296749528339372,0.3509079441918961,61.84882165357119,0.3509079441918961,0.022891847394175862,0.16271719776347654,2.145447751712888,358.66723123880064,0.001424659880885987
258,0.5300890982066655,0.35192519971984054,62.86570086655252,0.35192519971984054,0.022939948731951765,0.16271427715689987,2.1224420285930186,352.23424930153175,0.0013974905170223626
259,0.5302244345306771,0.34987367064564395,61.05396182506553,0.34987367064564395,0.022758653221069982,0.1610678111631248,2.1110259000202936,355.0019706500228,0.001381898338727672
260,0.5367068151454519,0.36967066828959383,0.0013876394740903746,0.36967066828959383,53.67182796784781,0.35554868425558095,0.8506955436566608,64.86404904697629,0.021361078313872846
261,0.5376666764189335,0.350596790479227,57.40826860090982,0.350596790479227,0.02287787936059489,0.161326575784859,0.9563493689962183,72.62896228829082,0.0013900528848035851
262,0.5217433267989564,0.3081107455873699,0.007127518037743188,0.3081107455873699,0.028306548321522667,0.09617271385210781,1.7390278663017724,141.3578471479043,0.0007849554359617351
263,0.5352182878072844,0.35421121521826815,60.34816988486151,0.35421121521826815,0.02291046522923866,0.16326937081312345,2.1141255220687647,345.89565228380394,0.0013814742629908634
264,0.5339070268286306,0.3550208483454537,61.89009285435711,0.3550208483454537,0.023007440323192328,0.16329081170945947,2.1484158123895747,357.38609574522775,0.0014093801678113458
265,0.5337857578054797,0.35359849535545806,57.304754586392285,0.35359849535545806,0.023002902961721517,0.16200302730212177,1.9244150955504966,290.42455907536794,0.0014167680185598584
266,0.538554896046847,0.3516621828712501,60.64955412430842,0.3516621828712501,0.02310748037135237,0.16157345603619996,2.1137153719174986,353.54079126954895,0.001429094206368007
267,0.53714423394621,0.35456365905640386,54.4433534538769,0.35456365905640386,0.023024702806634465,0.16203019248265488,1.0872939456393629,100.39641813072951,0.0014259341586835414
268,0.5387443197065911,0.16159396436467913,53.888338174865765,0.16159396436467913,0.0014079989779223851,0.3595384416310053,0.8491863589221972,62.4775061583484,0.0215537127340692
269,0.6004691153589888,0.23029468839001382,263.3374849713791,0.23029468839001382,661.9172501531447,0.4345109789698792,1.4652566162064649,106.75842110512228,0.010775973454348414
270,0.5356152586392533,0.35710139185565426,57.06749709785738,0.35710139185565426,0.023118024249692778,0.16319976275202985,1.8109455484805959,254.63039162369324,0.0013970690443134352
271,0.5350418920997566,0.29371665655726503,0.023153603904655023,0.29371665655726503,56.241800827024356,0.16194103002770008,1.0169717941898182,86.08948701695356,0.0014092071040134949
272,0.5373465358943736,0.354987088412876,57.15481788327529,0.354987088412876,0.023204755829909666,0.16199239927867953,0.955762571890741,71.58937576078233,0.0014237080132010228
273,0.5202044363636569,0.30864148720823387,0.007259982058866708,0.30864148720823387,0.028722936691886157,0.09580097157697115,1.801820362166421,151.11145843140622,0.0007796145595514548
274,0.5353216302419449,0.3856856985779678,0.0014053028898503499,0.3856856985779678,56.800869363136684,0.36171637009869867,2.0347676851069436,346.4427937564993,0.021619484651181575
275,0.5191522685691305,0.3114029065377675,0.007306348960103592,0.3114029065377675,0.028867142018880767,0.09646253130239682,1.7499734988376145,141.47461322419554,0.0007823236596485441
276,0.5351199591166174,0.3589866442714782,59.465202164846524,0.3589866442714782,0.023232538343919057,0.1629158510307968,2.122273087701428,360.2731326410143,0.0014248727869364867
277,0.5355989974059141,0.16292631489149667,49.339882132242245,0.16292631489149667,0.001432800299103459,0.3661892752124069,2.2433450048408674,465.0689580986602,0.021931837690626538
278,0.5361742508168357,0.33106646091417924,0.0014312369005049332,0.33106646091417924,47.219672828313044,0.3651583358212089,1.2030023028879144,133.52160493543477,0.021991343560772213
279,0.5376106118783465,0.3576735537251504,60.06397809819103,0.3576735537251504,0.023233668839735974,0.16176238165668388,2.136792945034572,351.79316591144055,0.0014329029243840125
280,0.5378309537209195,0.3604790474590583,51.3006111117145,0.3604790474590583,0.023437347056252594,0.16315565114571748,2.6821281219744755,599.700787556341,0.0014060743644751484
281,0.5226536397494953,0.3130568916276657,0.007394291297458832,0.3130568916276657,0.029135710938937406,0.09736424861581205,1.7547838097094868,141.54326533432584,0.0007745655166118148
282,0.5379460850238299,0.3615896131284061,61.22281290890129,0.3615896131284061,0.023197602514485088,0.16231242337956756,3.5383350098054565,970.1964374549087,0.0014034186723806128
283,0.536595961263993,0.3622664609229419,60.5934817331766,0.3622664609229419,0.02336315327153605,0.16314522933409298,2.172970530946543,359.98168423012817,0.0014077856816458892
284,0.5386295090614812,0.3614288050826148,54.099326080942525,0.3614288050826148,0.02348058448902953,0.16302391513752576,2.35321847695613,463.9838780126438,0.0014313552303557298
285,0.5386735675764385,0.3617457372121291,50.94871287887862,0.3617457372121291,0.02347855484575256,0.1629041312099952,2.509001146653745,538.6074668756371,0.0014372418238893542
286,0.5409186838376002,0.3616046415088711,60.04881625061689,0.3616046415088711,0.023394034640485888,0.1625051075507599,2.144036409412826,353.41068029986394,0.0014184387891654133
287,0.5403715794135047,0.3636934394443786,59.393373042879944,0.3636934394443786,0.02357747535887376,0.16329714137396914,2.146131898387387,351.1159413392884,0.0014398542801601826
288,0.5388691884273896,0.32723992263019125,0.0014306036731814222,0.32723992263019125,54.18943242747659,0.3701431701420077,2.0527382894326096,360.4423672396307,0.0219893829060168
289,0.523870163396877,0.3195727151523272,0.007336382099575613,0.3195727151523272,0.028932471848385544,0.0972707484406586,1.7906787125761974,146.04848377474238,0.0007849813008715627
290,0.525248726738119,0.31534361676919337,0.007388282508342897,0.31534361676919337,0.02890929854729932,0.09615724361958329,1.8106778481924322,150.32013755426752,0.0007713757041537423
291,0.5424323450328931,0.3754335794399624,0.0014205038474221045,0.3754335794399624,55.63392302778419,0.36585798467963715,2.0216997654275377,344.0903545496129,0.021882173029732596
292,0.5439333527975304,0.3605308265048215,55.91726019507586,0.3605308265048215,0.023654838843465198,0.1621700278162419,1.933655240797713,290.5102374492479,0.0014454668003161142
293,0.5444541193851047,0.36422777713450505,59.89713099803634,0.36422777713450505,0.02367396718076166,0.1634239883462268,2.1581239091299627,356.165106986306,0.0014249060197937778
294,0.5438795186064475,0.16354225919012505,47.89630199227648,0.16354225919012505,0.001444169939436629,0.3713422295694822,1.3354708457322226,156.6080075672388,0.02228272617980194
295,0.5430205920709389,0.3661074286017183,59.56230004118949,0.3661074286017183,0.02370786661156697,0.1637106548355826,2.170459144074338,357.79333605241493,0.0014351816819705614
296,0.5447268051769976,0.3620019277205684,60.582992459705494,0.3620019277205684,0.02373169148269685,0.162065783774365,2.1332591255863003,353.68804879476914,0.0014333642417592048
297,0.5454052335643617,0.3646418743655414,56.38069434501397,0.3646418743655414,0.023794556596465986,0.16305004417361682,0.9247877792205914,69.29260882933589,0.0014387357082879385
298,0.5487211448245243,0.3410235038619121,0.0014560957904245692,0.3410235038619121,46.9968385183564,0.37144775072885494,1.237061667884131,137.60510641445995,0.022339717951995075
299,0.5499048127489963,0.36580276437803,60.47399608554346,0.36580276437803,0.023640339915479633,0.16189366960034793,2.1525003846787127,358.103389014562,0.0014359652945543143
300,0.5490464143557975,0.3067020009091266,0.001432775695674381,0.3067020009091266,50.862231094561345,0.37307510994032894,2.0980767476716866,390.37323095357135,0.022221211413293772
301,0.550567877649321,0.36831557923627406,55.02283350540202,0.36831557923627406,0.02393906502985251,0.1642598153877706,1.0153928496444686,84.10553358024907,0.00143335525761071
302,0.5498754381963361,0.29726047872385397,0.023896669376691788,0.29726047872385397,56.22753523357027,0.16260823714120637,3.569189482620371,1035.78270960286,0.001451848943352825
303,0.5503264933171947,0.16181452609044258,54.53990579150958,0.16181452609044258,0.0014374705415729765,0.36947770909076283,2.0161294098205835,340.1361666586596,0.022315940146935134
304,0.535938326625203,0.32038462730842565,0.007339055881906132,0.32038462730842565,0.029257017194941715,0.09599703284162833,1.831406922326801,151.30397593091635,0.0007888041041973056
305,0.5525083996215224,0.36854290197758943,59.29895338863706,0.36854290197758943,0.023777641741100246,0.16283359711310355,2.16854337287658,355.53757901169695,0.0014329534453771098
306,0.554713488355012,0.3689895013079523,59.87100876886263,0.3689895013079523,0.02401473683390454,0.1642312186981227,2.1764787885033035,358.4324600638489,0.0014395218108580827
307,0.5549073337922915,0.37042330746868146,55.21263666585684,0.37042330746868146,0.024024143106838453,0.16480380844709125,0.9879765530292163,78.9853811864135,0.0014289047835209195
308,0.5560310157829443,0.37058358012381587,58.88689726196611,0.37058358012381587,0.024042363717888083,0.16436691256233807,2.1590157401835666,353.4234617323774,0.0014373153186859704
309,0.5407831770857385,0.3221962223429184,0.007605545760854398,0.3221962223429184,0.029317300651084066,0.09697008099941616,1.7720524406653673,140.95127876835755,0.0007838920182100892
310,0.5558940046190282,0.16265691496930917,53.77772675589379,0.16265691496930917,0.0014444812191888707,0.3733617768917058,2.043519457789515,344.8644865011148,0.02236596807649457
311,0.5604005790887634,0.36723405149330807,57.42527584788369,0.36723405149330807,0.023869679848776353,0.1617158613830243,2.103109689026907,333.930825803947,0.0014280992086671987
312,0.5633707891052065,0.16370797145795848,54.09632177176849,0.16370797145795848,0.001431820348227651,0.37576005132599677,2.0379223400408737,345.4886529930721,0.022473641668848198
313,0.5647627236662127,0.3711936822424086,56.20705725157111,0.3711936822424086,0.024118050184498054,0.16378047268566076,0.939844930379767,70.09026906976565,0.0014467766757668206
314,0.565022957572947,0.37153574500505704,59.84251625897174,0.37153574500505704,0.02410052700663747,0.1642083973488771,3.5881889925581936,968.4180298962417,0.0014414949787716058
315,0.5488556957817121,0.3235272654377446,0.007264246738184658,0.3235272654377446,0.02930277526321034,0.09473995881022468,1.7802809036488891,142.26360079711722,0.000769829319511933
316,0.5658576776587332,0.3705210619308608,49.53980627754222,0.3705210619308608,0.024182645328510225,0.16260194119551266,2.7027351690027794,600.4904449825203,0.0014348088037949753
317,0.5514762012465277,0.3225194383264235,0.007440599399047509,0.3225194383264235,0.029768952407832203,0.09655246724834841,1.8166435154427472,148.52106358673697,0.0007744272024813208
