,R0_35c02,R1_R2_35c02,im_max_35c02,slope_35c02
0,0.4670418587227696,0.45664386089311343,0.11861915286427757,-0.7017178411753467
1,0.46671879696815594,0.4572549987810045,0.11884414422561977,-0.701970850137001
2,0.4663989292934061,0.45786547697192564,0.11906894021466286,-0.7022268972700907
3,0.4660822556985202,0.4584752954658768,0.11929354083140685,-0.7024859825746155
4,0.4657687761834981,0.45908445426285793,0.11951794607585173,-0.7027481060505757
5,0.4654584907483399,0.4596929533628691,0.1197421559479975,-0.7030132676979711
6,0.46515139939304556,0.4603007927659103,0.11996617044784418,-0.7032814675168018
7,0.46484750211761505,0.4609079724719815,0.12018998957539175,-0.7035527055070677
8,0.4645467989220484,0.4615144924810827,0.12041361333064021,-0.703826981668769
9,0.4642492898063457,0.462120352793214,0.12063704171358956,-0.7041042960019056
10,0.4639549747705068,0.4627255534083753,0.12086027472423982,-0.7043846485064774
11,0.4636638538145318,0.4633300943265666,0.12108331236259097,-0.7046680391824846
12,0.4633759269384206,0.46393397554778787,0.12130615462864301,-0.7049544680299269
13,0.46309119414217337,0.4645371970720392,0.12152880152239595,-0.7052439350488046
14,0.4628096554257899,0.4651397588993206,0.12175125304384979,-0.7055364402391174
15,0.46253131078927034,0.46574166102963194,0.12197350919300452,-0.7058319836008657
16,0.4622561602326147,0.46634290346297336,0.12219556996986014,-0.7061305651340493
17,0.46198420375582283,0.4669434861993448,0.12241743537441666,-0.706432184838668
18,0.46171544135889486,0.4675434092387462,0.12263910540667408,-0.706736842714722
19,0.46144987304183077,0.4681426725811777,0.12286058006663239,-0.7070445387622114
20,0.4611874988046305,0.4687412762266392,0.12308185935429158,-0.707355272981136
21,0.46092831864729417,0.4693392201751307,0.12330294326965169,-0.7076690453714959
22,0.46067233256982165,0.4699365044266522,0.12352383181271269,-0.7079858559332911
23,0.460419540572213,0.47053312898120375,0.12374452498347457,-0.7083057046665215
24,0.46016994265446826,0.4711290938387853,0.12396502278193736,-0.7086285915711873
25,0.4599235388165873,0.4717243989993969,0.12418532520810105,-0.7089545166472883
26,0.45968032905857026,0.4723190444630385,0.12440543226196563,-0.7092834798948245
27,0.45944031338041713,0.47291303022971015,0.12462534394353109,-0.7096154813137961
28,0.45920349178212777,0.4735063562994118,0.12484506025279746,-0.709950520904203
29,0.45896986426370234,0.47409902267214343,0.1250645811897647,-0.7102885986660451
30,0.45873943082514074,0.47469102934790514,0.12528390675443288,-0.7106297145993226
31,0.45851219146644306,0.47528237632669684,0.12550303694680193,-0.7109738687040352
32,0.45828814618760916,0.4758730636085186,0.1257219717668719,-0.7113210609801832
33,0.4580672949886392,0.4764630911933703,0.12594071121464273,-0.7116712914277664
34,0.4578496378695331,0.4770524590812521,0.12615925529011446,-0.7120245600467849
35,0.4576351748302908,0.47764116727216394,0.1263776039932871,-0.7123808668372388
36,0.4574239058709124,0.4782292157661057,0.12659575732416062,-0.7127402117991278
37,0.4572158309913979,0.47881660456307756,0.12681371528273505,-0.7131025949324522
38,0.4570109501917472,0.4794033336630794,0.12703147786901037,-0.7134680162372119
39,0.45680926347196044,0.4799894030661113,0.12724904508298657,-0.7138364757134068
40,0.4566107708320375,0.4805748127721732,0.12746641692466368,-0.714207973361037
41,0.45641547227197843,0.4811595627812651,0.12768359339404167,-0.7145825091801025
42,0.45622336779178324,0.48174365309338707,0.12790057449112058,-0.7149600831706033
43,0.4560344573914519,0.482327083708539,0.12811736021590037,-0.7153406953325393
44,0.4558487410709844,0.482909854626721,0.12833395056838107,-0.7157243456659107
45,0.45566621883038083,0.483491965847933,0.12855034554856265,-0.7161110341707173
46,0.45548689066964104,0.484073417372175,0.12876654515644512,-0.7165007608469591
47,0.4553107565887652,0.4846542091994471,0.1289825493920285,-0.7168935256946363
48,0.45513781658775315,0.48523434132974913,0.12919835825531278,-0.7172893287137487
49,0.45496807066660505,0.4858138137630812,0.12941397174629793,-0.7176881699042965
50,0.4548015188253207,0.4863926264994433,0.129629389864984,-0.7180900492662795
51,0.4546381610639003,0.48697077953883544,0.12984461261137095,-0.7184949667996977
52,0.4544779973823438,0.48754827288125757,0.1300596399854588,-0.7189029225045513
53,0.4543210277806511,0.48812510652670976,0.13027447198724756,-0.7193139163808402
54,0.45416725225882226,0.48870128047519196,0.13048910861673718,-0.7197279484285642
55,0.4540166708168573,0.48927679472670416,0.13070354987392774,-0.7201450186477236
56,0.4538692834547562,0.48985164928124636,0.13091779575881915,-0.7205651270383183
57,0.453725090172519,0.4904258441388186,0.1311318462714115,-0.7209882736003483
58,0.4535840909701456,0.4909993792994209,0.1313457014117047,-0.7214144583338136
59,0.45344628584763613,0.4915722547630532,0.13155936117969882,-0.721843681238714
60,0.4533116748049905,0.4921444705297155,0.13177282557539383,-0.7222759423150499
61,0.4531802578422087,0.49271602659940783,0.13198609459878974,-0.722711241562821
62,0.4530520349592908,0.49328692297213017,0.13219916824988653,-0.7231495789820273
63,0.45292700615623677,0.49385715964788257,0.13241204652868424,-0.7235909545726689
64,0.4528051714330466,0.494426736626665,0.13262472943518283,-0.7240353683347458
65,0.4526865307897203,0.4949956539084774,0.13283721696938233,-0.724482820268258
66,0.45257108422625786,0.4955639114933198,0.13304950913128272,-0.7249333103732055
67,0.4524588317426593,0.49613150938119227,0.13326160592088399,-0.7253868386495882
68,0.45234977333892457,0.49669844757209475,0.13347350733818616,-0.7258434050974063
69,0.45224390901505374,0.49726472606602723,0.13368521338318923,-0.7263030097166596
70,0.4521412387710467,0.49783034486298977,0.1338967240558932,-0.7267656525073481
71,0.45204176260690365,0.4983953039629823,0.13410803935629806,-0.727231333469472
72,0.4519454805226244,0.49895960336600487,0.1343191592844038,-0.7277000526030312
73,0.451852392518209,0.4995232430720575,0.13453008384021045,-0.7281718099080255
74,0.45176249859365747,0.50008622308114,0.134740813023718,-0.7286466053844554
75,0.45167579874896985,0.5006485433932527,0.13495134683492643,-0.7291244390323203
76,0.45159229298414605,0.5012102040083953,0.13516168527383576,-0.7296053108516205
77,0.4515119812991861,0.501771204926568,0.135371828340446,-0.7300892208423561
78,0.45143486369409,0.5023315461477706,0.13558177603475713,-0.7305761690045269
79,0.45136094016885786,0.5028912276720033,0.13579152835676914,-0.731066155338133
80,0.4512902107234895,0.5034502494992661,0.13600108530648206,-0.7315591798431744
81,0.45122267535798505,0.5040086116295589,0.13621044688389589,-0.732055242519651
82,0.45115833407234446,0.5045663140628817,0.13641961308901057,-0.732554343367563
83,0.45109718686656775,0.5051233567992344,0.13662858392182617,-0.7330564823869102
84,0.45103923374065485,0.5056797398386172,0.13683735938234268,-0.7335616595776927
85,0.45098447469460584,0.5062354631810301,0.13704593947056007,-0.7340698749399105
86,0.4509329097284207,0.5067905268264729,0.13725432418647834,-0.7345811284735636
87,0.45088453884209945,0.5073449307749458,0.13746251353009753,-0.7350954201786519
88,0.450839362035642,0.5078986750264487,0.1376705075014176,-0.7356127500551756
89,0.4507973793090485,0.5084517595809815,0.13787830610043858,-0.7361331181031344
90,0.4507585906623188,0.5090041844385444,0.13808590932716044,-0.7366565243225286
91,0.45072299609545297,0.5095559495991374,0.13829331718158322,-0.7371829687133581
92,0.45069059560845104,0.5101070550627604,0.13850052966370688,-0.7377124512756228
93,0.45066138920131293,0.5106575008294134,0.13870754677353142,-0.7382449720093228
94,0.45063537687403876,0.5112072868990964,0.13891436851105687,-0.7387805309144582
95,0.45061255862662836,0.5117564132718095,0.1391209948762832,-0.7393191279910287
96,0.4505929344590819,0.5123048799475526,0.13932742586921046,-0.7398607632390346
97,0.4505765043713993,0.5128526869263257,0.1395336614898386,-0.7404054366584757
98,0.4505632683635805,0.5133998342081287,0.1397397017381676,-0.7409531482493521
99,0.4505532264356256,0.5139463217929618,0.13994554661419753,-0.7415038980116638
100,0.4505463785875346,0.514492149680825,0.14015119611792837,-0.7420576859454108
101,0.4505427248193074,0.5150373178717181,0.14035665024936006,-0.742614512050593
102,0.45054226513094414,0.5155818263656413,0.1405619090084927,-0.7431743763272105
103,0.4505449995224447,0.5161256751625946,0.14076697239532618,-0.7437372787752634
104,0.45055092799380914,0.5166688642625777,0.14097184040986058,-0.7443032193947514
105,0.45056005054503745,0.517211393665591,0.1411765130520959,-0.7448721981856748
106,0.4505723671761296,0.5177532633716343,0.14138099032203205,-0.7454442151480335
107,0.4505878778870856,0.5182944733807076,0.14158527221966916,-0.7460192702818274
108,0.4506065826779055,0.5188350236928109,0.14178935874500714,-0.7465973635870566
109,0.45062848154858925,0.5193749143079442,0.14199324989804601,-0.7471784950637211
110,0.4506535744991369,0.5199141452261076,0.14219694567878577,-0.7477626647118208
111,0.45068186152954837,0.520452716447301,0.14240044608722643,-0.7483498725313559
112,0.4507133426398237,0.5209906279715243,0.142603751123368,-0.7489401185223262
113,0.45074801782996293,0.5215278797987777,0.14280686078721047,-0.7495334026847319
114,0.45078588709996603,0.5220644719290611,0.14300977507875381,-0.7501297250185728
115,0.45082695044983295,0.5226004043623745,0.14321249399799807,-0.7507290855238489
116,0.4508712078795638,0.5231356770987181,0.1434150175449432,-0.7513314842005603
117,0.4509186593891585,0.5236702901380915,0.14361734571958923,-0.751936921048707
118,0.450969304978617,0.5242042434804951,0.14381947852193616,-0.7525453960682891
119,0.4510231446479394,0.5247375371259286,0.144021415951984,-0.7531569092593063
120,0.45108017839712566,0.5252701710743921,0.1442231580097327,-0.7537714606217589
121,0.45114040622617585,0.5258021453258858,0.14442470469518234,-0.7543890501556467
122,0.45120382813508986,0.5263334598804094,0.14462605600833284,-0.7550096778609698
123,0.4512704441238677,0.5268641147379629,0.14482721194918424,-0.7556333437377283
124,0.45134025419250945,0.5273941098985466,0.14502817251773656,-0.7562600477859219
125,0.45141325834101503,0.5279234453621602,0.14522893771398976,-0.7568897900055509
126,0.4514894565693845,0.5284521211288039,0.14542950753794384,-0.7575225703966152
127,0.45156884887761783,0.5289801371984776,0.14562988198959884,-0.7581583889591147
128,0.451651435265715,0.5295074935711813,0.1458300610689547,-0.7587972456930494
129,0.4517372157336761,0.530034190246915,0.1460300447760115,-0.7594391405984195
130,0.451826190281501,0.5305602272256789,0.14622983311076918,-0.7600840736752249
131,0.4519183589091898,0.5310856045074727,0.14642942607322773,-0.7607320449234656
132,0.45201372161674247,0.5316103220922964,0.1466288236633872,-0.7613830543431415
133,0.45211227840415896,0.5321343799801502,0.14682802588124758,-0.7620371019342527
134,0.45221402927143933,0.5326577781710341,0.1470270327268088,-0.7626941876967991
135,0.4523189742185836,0.5331805166649479,0.14722584420007098,-0.7633543116307808
136,0.4524271132455917,0.5337025954618918,0.147424460301034,-0.7640174737361979
137,0.4525384463524637,0.5342240145618657,0.14762288102969795,-0.7646836740130503
138,0.45265297353919953,0.5347447739648696,0.1478211063860628,-0.7653529124613379
139,0.45277069480579923,0.5352648736709036,0.14801913637012853,-0.7660251890810607
140,0.4528916101522628,0.5357843136799676,0.14821697098189515,-0.7667005038722188
141,0.45301571957859027,0.5363030939920616,0.14841461022136268,-0.7673788568348122
142,0.45314302308478155,0.5368212146071856,0.1486120540885311,-0.768060247968841
143,0.45327352067083676,0.5373386755253396,0.1488093025834004,-0.768744677274305
144,0.4534072123367558,0.5378554767465237,0.1490063557059706,-0.7694321447512042
145,0.45354409808253865,0.5383716182707378,0.1492032134562417,-0.7701226503995388
146,0.45368417790818544,0.5388871000979818,0.1493998758342137,-0.7708161942193086
147,0.45382745181369605,0.539401922228256,0.1495963428398866,-0.7715127762105137
148,0.45397391979907054,0.53991608466156,0.14979261447326037,-0.7722123963731541
149,0.4541235818643089,0.5404295873978943,0.14998869073433507,-0.7729150547072298
150,0.45427643800941114,0.5409424304372584,0.15018457162311064,-0.7736207512127407
151,0.45443248823437726,0.5414546137796526,0.1503802571395871,-0.774329485889687
152,0.4545917325392072,0.5419661374250768,0.1505757472837645,-0.7750412587380684
153,0.454754170923901,0.542477001373531,0.15077104205564273,-0.7757560697578852
154,0.4549198033884587,0.5429872056250153,0.1509661414552219,-0.7764739189491373
155,0.45508862993288024,0.5434967501795296,0.15116104548250195,-0.7771948063118246
156,0.4552606505571657,0.5440056350370739,0.1513557541374829,-0.7779187318459473
157,0.45543586526131496,0.5445138601976482,0.15155026742016475,-0.7786456955515051
158,0.45561427404598276,0.5450214256620357,0.1517445853307655,-0.7793756974296179
159,0.45579745976088093,0.5454137922095178,0.15191078093508167,-0.7799731968887093
160,0.4559826970145093,0.5459187591704165,0.1521042273814823,-0.7807091655551405
161,0.4561711278062901,0.546423111768329,0.15229748947533406,-0.7814482263188296
162,0.45636275213556826,0.5469268500024717,0.1524905672164187,-0.7821903791786556
163,0.4565575700023438,0.5474299738728443,0.1526834606047363,-0.7829356241346188
164,0.4567555814066168,0.5479324833794471,0.15287616964028677,-0.783683961186719
165,0.4569567863483872,0.54843437852228,0.1530686943230702,-0.7844353903349562
166,0.457161184827655,0.548935659301343,0.1532610346530865,-0.7851899115793306
167,0.4573687768444201,0.549436325716636,0.1534531906303357,-0.7859475249198419
168,0.4575795623986827,0.5499363777681592,0.15364516225481784,-0.7867082303564903
169,0.4577935414904427,0.5504358154559124,0.15383694952653287,-0.7874720278892757
170,0.45801071411970007,0.5509346387798957,0.1540285524454808,-0.7882389175181982
171,0.4582310802864548,0.551432847740109,0.15421997101166166,-0.7890088992432577
172,0.45845463999070696,0.5519304423365525,0.15441120522507543,-0.7897819730644542
173,0.45868139323245655,0.5524274225692261,0.1546022550857221,-0.7905581389817878
174,0.4589113400117035,0.5529237884381297,0.15479312059360167,-0.7913373969952585
175,0.45914448032844785,0.5534195399432634,0.15498380174871415,-0.7921197471048661
176,0.4593808141826896,0.5539146770846273,0.15517429855105955,-0.7929051893106109
177,0.45962034157442877,0.5544091998622211,0.15536461100063786,-0.7936937236124927
178,0.45986306250366527,0.5549031082760452,0.15555473909744907,-0.7944853500105115
179,0.4601089769703992,0.5553964023260991,0.1557446828414932,-0.7952800685046674
180,0.4603580849746306,0.5558890820123833,0.15593444223277023,-0.7960778790949602
181,0.4606103865163593,0.5563811473348975,0.15612401727128017,-0.7968787817813902
182,0.46086588159558545,0.5568725982936419,0.15631340795702303,-0.7976827765639571
183,0.46112457021230896,0.5573634348886163,0.1565026142899988,-0.7984898634426612
184,0.4613864523665299,0.5578536571198207,0.15669163627020746,-0.7993000424175023
185,0.4616515280582482,0.5583432649872553,0.15688047389764903,-0.8001133134884804
186,0.46191979728746396,0.55883225849092,0.15706912717232352,-0.8009296766555956
187,0.4621912600541771,0.5593206376308147,0.15725759609423093,-0.8017491319188478
188,0.46246591635838763,0.5598084024069396,0.15744588066337123,-0.802571679278237
189,0.46274376620009555,0.5602955528192946,0.15763398087974445,-0.8033973187337633
190,0.46302480957930087,0.5607820888678795,0.15782189674335056,-0.8042260502854267
191,0.4633090464960036,0.5612680105526946,0.1580096282541896,-0.805057873933227
192,0.4635964769502037,0.5617533178737397,0.15819717541226153,-0.8058927896771645
193,0.46388710094190116,0.562238010831015,0.15838453821756637,-0.806730797517239
194,0.4641809184710961,0.5627220894245204,0.15857171667010414,-0.8075718974534505
195,0.4644779295377884,0.5632055536542558,0.1587587107698748,-0.808416089485799
196,0.4647781341419781,0.5636884035202213,0.15894552051687838,-0.8092633736142846
197,0.4650815322836652,0.5641706390224169,0.15913214591111488,-0.8101137498389073
198,0.4653881239628497,0.5646522601608426,0.15931858695258427,-0.810967218159667
199,0.4656979091795316,0.5651332669354984,0.1595048436412866,-0.8118237785765637
200,0.46601088793371087,0.5656136593463842,0.1596909159772218,-0.8126834310895975
201,0.46632706022538756,0.5660934373935002,0.15987680396038992,-0.8135461756987683
202,0.46664642605456164,0.5665726010768461,0.16006250759079094,-0.8144120124040761
203,0.46696898542123316,0.5670511503964223,0.1602480268684249,-0.8152809412055211
204,0.467294738325402,0.5675290853522285,0.16043336179329173,-0.816152962103103
205,0.4676236847670683,0.5680064059442648,0.16061851236539149,-0.817028075096822
206,0.467955824746232,0.5684831121725311,0.16080347858472416,-0.8179062801866781
207,0.468291158262893,0.5689592040370276,0.16098826045128975,-0.8187875773726712
208,0.4686296853170515,0.5694346815377541,0.16117285796508823,-0.8196719666548012
209,0.4689714059087074,0.5699095446747108,0.16135727112611964,-0.8205594480330685
210,0.46931632003786067,0.5703837934478975,0.16154149993438394,-0.8214500215074727
211,0.46966442770451133,0.5708574278573143,0.16172554438988115,-0.8223436870780139
212,0.4700157289086594,0.5713304479029611,0.16190940449261126,-0.8232404447446922
213,0.47037022365030484,0.5718028535848381,0.1620930802425743,-0.8241402945075076
214,0.47072791192944774,0.5722746449029451,0.16227657163977025,-0.8250432363664599
215,0.471088793746088,0.5727458218572823,0.1624598786841991,-0.8259492703215494
216,0.4714528691002256,0.5732163844478495,0.16264300137586085,-0.8268583963727758
217,0.4718201379918607,0.5736863326746467,0.1628259397147555,-0.8277706145201393
218,0.47219060042099315,0.5741556665376741,0.1630086937008831,-0.8286859247636399
219,0.47256425638762295,0.5746243860369317,0.16319126333424358,-0.8296043271032775
220,0.4729411058917502,0.5750924911724192,0.163373648614837,-0.8305258215390522
221,0.47332114893337485,0.5755599819441368,0.16355584954266328,-0.8314504080709638
222,0.4737043855124969,0.5760268583520846,0.1637378661177225,-0.8323780866990126
223,0.4740908156291163,0.5764931203962624,0.16391969834001463,-0.8333088574231984
224,0.47448043928323314,0.5769587680766703,0.16410134620953964,-0.8342427202435212
225,0.4748732564748474,0.5774238013933083,0.1642828097262976,-0.835179675159981
226,0.475269267203959,0.5778882203461764,0.16446408889028843,-0.836119722172578
227,0.475668471470568,0.5783520249352745,0.1646451837015122,-0.8370628612813119
228,0.47607086927467446,0.5788152151606027,0.16482609415996888,-0.8380090924861829
229,0.4764764606162783,0.5792777910221611,0.16500682026565844,-0.838958415787191
230,0.47688524549537953,0.5797397525199495,0.16518736201858092,-0.8399108311843361
231,0.4772972239119781,0.580201099653968,0.16536771941873632,-0.8408663386776182
232,0.4777123958660741,0.5806618324242165,0.16554789246612464,-0.8418249382670373
233,0.4781307613576675,0.5811219508306953,0.16572788116074583,-0.8427866299525936
234,0.4785523203867584,0.581581454873404,0.16590768550259996,-0.8437514137342869
235,0.47897707295334657,0.5820403445523429,0.166087305491687,-0.8447192896121172
236,0.47940501905743216,0.5824986198675117,0.16626674112800693,-0.8456902575860845
237,0.4798361586990152,0.5829562808189108,0.16644599241155977,-0.8466643176561889
238,0.48027049187809556,0.5834133274065398,0.16662505934234556,-0.8476414698224304
239,0.4807080185946734,0.583869759630399,0.1668039419203642,-0.8486217140848088
240,0.48114873884874854,0.5843255774904883,0.16698264014561578,-0.8496050504433243
241,0.48159265264032114,0.5847807809868077,0.16716115401810028,-0.8505914788979769
242,0.48203975996939114,0.5852353701193571,0.16733948353781766,-0.8515809994487665
243,0.4824900608359585,0.5856893448881366,0.16751762870476797,-0.8525736120956932
244,0.4829435552400233,0.5861427052931463,0.1676955895189512,-0.8535693168387568
245,0.4834002431815855,0.586595451334386,0.1678733659803673,-0.8545681136779576
246,0.4838601246606451,0.5870475830118557,0.16805095808901632,-0.8555700026132953
247,0.48432319967720205,0.5874991003255555,0.16822836584489828,-0.8565749836447701
248,0.4847894682312564,0.5879500032754855,0.16840558924801313,-0.857583056772382
249,0.4852589303228082,0.5884002918616456,0.16858262829836088,-0.858594221996131
250,0.4857315859518574,0.5888499660840356,0.16875948299594157,-0.8596084793160169
251,0.4862074351184039,0.5892990259426558,0.16893615334075512,-0.8606258287320399
252,0.4866864778224479,0.5897474714375062,0.16911263933280163,-0.8616462702441999
253,0.48716871406398926,0.5901953025685865,0.169288940972081,-0.862669803852497
254,0.487654143843028,0.590642519335897,0.16946505825859332,-0.8636964295569312
255,0.4881427671595642,0.5910891217394375,0.16964099119233852,-0.8647261473575023
256,0.4886345840135977,0.5915351097792081,0.16981673977331663,-0.8657589572542106
257,0.4891295944051287,0.5919804834552089,0.16999230400152768,-0.8667948592470558
258,0.48962779833415704,0.5924252427674397,0.17016768387697162,-0.8678338533360381
259,0.4901291958006828,0.5928693877159006,0.17034287939964846,-0.8688759395211575
260,0.49063378680470593,0.5933129183005915,0.1705178905695582,-0.8699211178024139
261,0.4911415713462265,0.5937558345215126,0.1706927173867009,-0.8709693881798073
262,0.4916525494252444,0.5941981363786637,0.17086735985107646,-0.8720207506533378
263,0.49216672104175974,0.594639823872045,0.17104181796268494,-0.8730752052230053
264,0.4926840861957725,0.5950808970016562,0.17121609172152635,-0.8741327518888099
265,0.4932046448872826,0.5955213557674977,0.17139018112760065,-0.8751933906507515
266,0.49372839711629013,0.5959612001695691,0.17156408618090785,-0.8762571215088302
267,0.4942553428827951,0.5964004302078707,0.17173780688144796,-0.8773239444630458
268,0.4947854821867974,0.5968390458824023,0.171911343229221,-0.8783938595133987
269,0.4953188150282971,0.5972770471931641,0.17208469522422695,-0.8794668666598884
270,0.49585534140729426,0.5977144341401559,0.1722578628664658,-0.8805429659025152
271,0.49639506132378874,0.5981512067233778,0.17243084615593757,-0.8816221572412791
272,0.4969379747777807,0.5985873649428298,0.17260364509264223,-0.88270444067618
273,0.49748408176927,0.5990229087985119,0.17277625967657978,-0.883789816207218
274,0.4980333822982567,0.5994578382904241,0.17294868990775028,-0.884878283834393
275,0.49858587636474083,0.5998921534185663,0.17312093578615367,-0.885969843557705
276,0.49914156396872233,0.6003258541829386,0.17329299731179,-0.8870644953771541
277,0.49970044511020123,0.6007589405835411,0.1734648744846592,-0.8881622392927403
278,0.5002625197891776,0.6011914126203736,0.1736365673047613,-0.8892630753044635
279,0.5008277880056512,0.6016232702934361,0.17380807577209634,-0.8903670034123237
280,0.5013962497596223,0.6020545136027288,0.17397939988666428,-0.891474023616321
281,0.5019679050510908,0.6024851425482516,0.1741505396484651,-0.8925841359164552
282,0.5025427538800566,0.6029151571300044,0.1743214950574989,-0.8936973403127266
283,0.50312079624652,0.6033445573479874,0.17449226611376553,-0.894813636805135
284,0.5037020321504807,0.6037733432022003,0.17466285281726512,-0.8959330253936805
285,0.5042864615919388,0.6042015146926435,0.17483325516799758,-0.8970555060783629
286,0.5048740845708942,0.6046290718193167,0.17500347316596299,-0.8981810788591825
287,0.5054649010873471,0.6050560145822199,0.17517350681116128,-0.899309743736139
288,0.5060589111412974,0.6054823429813533,0.1753433561035925,-0.9004415007092327
289,0.5066561147327451,0.6059080570167167,0.1755130210432566,-0.9015763497784633
290,0.5072565118616902,0.6063331566883102,0.17568250163015364,-0.902714290943831
291,0.5078601025281326,0.6067576419961338,0.1758517978642836,-0.9038553242053358
292,0.5084668867320725,0.6071815129401875,0.17602090974564644,-0.9049994495629776
293,0.5090768644735097,0.6076047695204714,0.1761898372742422,-0.9061466670167564
294,0.5096900357524444,0.6080274117369853,0.17635858045007086,-0.9072969765666723
295,0.5103064005688764,0.6084494395897292,0.17652713927313243,-0.9084503782127252
296,0.5109259589228059,0.6088708530787031,0.17669551374342693,-0.9096068719549152
297,0.5115487108142328,0.6092916522039074,0.17686370386095432,-0.9107664577932422
298,0.5121746562431571,0.6097118369653416,0.17703170962571463,-0.9119291357277063
299,0.5128037952095786,0.6101314073630059,0.17719953103770783,-0.9130949057583073
300,0.5134361277134977,0.6105503633969003,0.17736716809693392,-0.9142637678850455
301,0.5140716537549141,0.6109687050670247,0.17753462080339297,-0.9154357221079207
302,0.514710373333828,0.6113864323733792,0.1777018891570849,-0.9166107684269329
303,0.5153522864502392,0.6118035453159638,0.17786897315800976,-0.9177889068420821
304,0.5159973931041479,0.6122200438947786,0.1780358728061675,-0.9189701373533684
305,0.5166456932955539,0.6126359281098234,0.17820258810155817,-0.9201544599607918
306,0.5172971870244574,0.6130511979610982,0.17836911904418173,-0.9213418746643522
307,0.5179518742908582,0.6134658534486033,0.17853546563403822,-0.9225323814640497
308,0.5186097550947564,0.6138798945723383,0.17870162787112764,-0.9237259803598842
309,0.519270829436152,0.6142933213323034,0.17886760575544994,-0.9249226713518557
310,0.5199350973150451,0.6147061337284987,0.17903339928700512,-0.9261224544399643
311,0.5206025587314355,0.615118331760924,0.17919900846579326,-0.9273253296242099
312,0.5212732136853233,0.6155299154295795,0.17936443329181428,-0.9285312969045926
313,0.5219470621767085,0.6159408847344648,0.17952967376506823,-0.9297403562811123
314,0.5226241042055911,0.6163512396755805,0.17969472988555507,-0.930952507753769
315,0.5233043397719711,0.6167609802529261,0.17985960165327483,-0.9321677513225628
316,0.5239877688758485,0.6171701064665018,0.18002428906822748,-0.9333860869874936
317,0.5246743915172234,0.6175786183163077,0.18018879213041306,-0.9346075147485615
