,R0_25c02,R1_R2_25c02,im_max_25c02,slope_25c02
0,0.27756176479623695,1.1571453846608755,0.27508994692267097,-1.2681256184646832
1,0.277610854824,1.156665745339018,0.27488375501597206,-1.2676569572078629
2,0.27765983743248235,1.156188458850036,0.27467927417235566,-1.2671907530903461
3,0.277708712621684,1.1557135251939297,0.27447650439182175,-1.2667270061121332
4,0.27775748039160497,1.155240944370699,0.2742754456743703,-1.2662657162732238
5,0.2778061407422453,1.154770716380344,0.2740760980200013,-1.2658068835736183
6,0.27785469367360494,1.1543028412228646,0.2738784614287148,-1.2653505080133165
7,0.2779031391856839,1.153837318898261,0.2736825359005108,-1.2648965895923185
8,0.27795147727848213,1.1533741494065326,0.27348832143538926,-1.2644451283106242
9,0.27799970795199974,1.1529133327476802,0.27329581803335024,-1.2639961241682336
10,0.27804783120623666,1.1524548689217031,0.27310502569439365,-1.2635495771651468
11,0.2780958470411929,1.151998757928602,0.2729159444185196,-1.2631054873013636
12,0.2781437554568685,1.1515449997683762,0.272728574205728,-1.2626638545768842
13,0.2781915564532634,1.151093594441026,0.27254291505601885,-1.2622246789917086
14,0.2782392500303776,1.1506445419465519,0.2723589669693922,-1.2617879605458366
15,0.2782868361882111,1.150197842284953,0.2721767299458481,-1.2613536992392684
16,0.27833431492676397,1.1497534954562298,0.27199620398538643,-1.260921895072004
17,0.27838168624603615,1.1493115014603823,0.27181738908800723,-1.2604925480440432
18,0.27842895014602764,1.1488718602974104,0.27164028525371053,-1.2600656581553862
19,0.27847610662673844,1.1484345719673141,0.2714648924824963,-1.259641225406033
20,0.2785231556881686,1.1479996364700935,0.2712912107743645,-1.2592192497959833
21,0.27857009733031807,1.1475670538057483,0.27111924012931526,-1.2587997313252375
22,0.27861693155318684,1.147136823974279,0.27094898054734845,-1.2583826699937954
23,0.278663658356775,1.1467089469756853,0.2707804320284642,-1.2579680658016572
24,0.27871027774108237,1.146283422809967,0.2706135945726624,-1.2575559187488226
25,0.2787567897061091,1.1458602514771246,0.270448468179943,-1.2571462288352917
26,0.27880319425185524,1.1454394329771576,0.27028505285030613,-1.2567389960610644
27,0.2788494913783206,1.1450209673100662,0.27012334858375175,-1.256334220426141
28,0.27889568108550533,1.1446048544758507,0.2699633553802799,-1.2559319019305213
29,0.27894176337340937,1.1441910944745106,0.26980507323989045,-1.2555320405742054
30,0.2789877382420327,1.1437796873060462,0.2696485021625835,-1.2551346363571931
31,0.2790336056913754,1.1433706329704574,0.2694936421483591,-1.2547396892794846
32,0.27907936572143743,1.1429639314677442,0.2693404931972171,-1.2543471993410797
33,0.27912501833221876,1.1425595827979067,0.2691890553091576,-1.2539571665419786
34,0.2791705635237194,1.1421575869609448,0.2690393284841806,-1.2535695908821813
35,0.2792160012959394,1.1417579439568586,0.26889131272228606,-1.2531844723616878
36,0.2792613316488787,1.1413606537856478,0.268745008023474,-1.252801810980498
37,0.2793065545825373,1.1409657164473128,0.26860041438774446,-1.2524216067386118
38,0.27935167009691525,1.1405731319418533,0.2684575318150974,-1.2520438596360295
39,0.27939667819201247,1.1401829002692696,0.2683163603055328,-1.2516685696727508
40,0.27944157886782905,1.1397950214295614,0.2681768998590507,-1.2512957368487758
41,0.279486372124365,1.139409495422729,0.268039150475651,-1.2509253611641047
42,0.2795310579616202,1.139026322248772,0.26790311215533386,-1.2505574426187371
43,0.27957563637959476,1.1386455019076906,0.2677687848980992,-1.2501919812126734
44,0.27962010737828863,1.138267034399485,0.267636168703947,-1.2498289769459134
45,0.2796644709577018,1.137890919724155,0.2675052635728773,-1.249468429818457
46,0.27970872711783434,1.1375171578817005,0.26737606950489007,-1.2491103398303045
47,0.2797528758586862,1.1371457488721217,0.2672485864999853,-1.2487547069814557
48,0.27979691718025734,1.1367766926954186,0.26712281455816306,-1.2484015312719106
49,0.2798408510825478,1.136409989351591,0.2669987536794233,-1.2480508127016692
50,0.2798846775655576,1.1360456388406392,0.26687640386376593,-1.2477025512707316
51,0.27992839662928676,1.1356836411625628,0.26675576511119115,-1.2473567469790978
52,0.2799720082737352,1.1353239963173622,0.2666368374216988,-1.2470133998267676
53,0.280015512498903,1.1349667043050373,0.2665196207952889,-1.246672509813741
54,0.28005890930479005,1.1346117651255878,0.26640411523196156,-1.2463340769400184
55,0.28010219869139646,1.134259178779014,0.26629032073171666,-1.2459981012055994
56,0.28014538065872224,1.133908945265316,0.26617823729455425,-1.2456645826104842
57,0.2801884552067673,1.1335610645844933,0.2660678649204743,-1.2453335211546726
58,0.28023142233553167,1.1332155367365464,0.26595920360947684,-1.245004916838165
59,0.28027428204501537,1.132872361721475,0.2658522533615619,-1.2446787696609607
60,0.2803170343352184,1.1325315395392794,0.26574701417672936,-1.2443550796230605
61,0.28035967920614074,1.1321930701899594,0.2656434860549794,-1.2440338467244638
62,0.2804022166577824,1.131856953673515,0.2655416689963118,-1.243715070965171
63,0.2804446466901434,1.1315231899899463,0.2654415630007268,-1.243398752345182
64,0.2804869693032237,1.1311917791392532,0.2653431680682242,-1.2430848908644965
65,0.28052918449702335,1.1308627211214355,0.26524648419880414,-1.2427734865231148
66,0.2805712922715423,1.1305360159364937,0.26515151139246657,-1.2424645393210367
67,0.2806132926267806,1.1302116635844275,0.26505824964921143,-1.2421580492582627
68,0.2806551855627382,1.1298896640652367,0.2649666989690388,-1.2418540163347922
69,0.2806969710794151,1.1295700173789216,0.26487685935194866,-1.2415524405506253
70,0.28073864917681135,1.1292527235254823,0.26478873079794096,-1.2412533219057624
71,0.28078021985492696,1.1289377825049185,0.26470231330701577,-1.2409566604002031
72,0.2808216831137618,1.1286251943172303,0.264617606879173,-1.2406624560339474
73,0.28086303895331605,1.1283149589624177,0.2645346115144128,-1.2403707088069957
74,0.2809042873735896,1.1280070764404808,0.26445332721273507,-1.2400814187193476
75,0.2809454283745824,1.1277015467514195,0.2643737539741398,-1.239794585771003
76,0.2809864619562946,1.127398369895234,0.264295891798627,-1.2395102099619626
77,0.28102738811872613,1.127097545871924,0.2642197406861967,-1.2392282912922257
78,0.28106820686187695,1.1267990746814895,0.2641453006368489,-1.2389488297617925
79,0.28110891818574707,1.1265029563239308,0.2640725716505835,-1.238671825370663
80,0.28114952209033656,1.1262091907992475,0.2640015537274007,-1.2383972781188373
81,0.28119001857564535,1.12591777810744,0.26393224686730027,-1.2381251880063153
82,0.28123040764167345,1.125628718248508,0.2638646510702824,-1.237855555033097
83,0.28127068928842086,1.125342011222452,0.26379876633634697,-1.2375883791991826
84,0.28131086351588763,1.1250576570292712,0.26373459266549404,-1.2373236605045717
85,0.2813509303240737,1.124775655668966,0.2636721300577236,-1.2370613989492647
86,0.2813908897129791,1.1244960071415369,0.2636113785130356,-1.2368015945332613
87,0.28143074168260385,1.124218711446983,0.26355233803143013,-1.2365442472565618
88,0.2814704862329479,1.1239437685853049,0.2634950086129071,-1.2362893571191658
89,0.28151012336401127,1.1236711785565023,0.2634393902574666,-1.2360369241210738
90,0.28154965307579394,1.1234009413605754,0.26338548296510855,-1.2357869482622854
91,0.28158907536829597,1.1231330569975242,0.26333328673583295,-1.2355394295428006
92,0.28162839024151726,1.1228675254673484,0.2632828015696399,-1.2352943679626196
93,0.28166759769545796,1.1226043467700484,0.2632340274665293,-1.2350517635217424
94,0.2817066977301179,1.122343520905624,0.26318696442650114,-1.234811616220169
95,0.28174569034549724,1.1220850478740751,0.26314161244955553,-1.2345739260578992
96,0.2817845755415958,1.121828927675402,0.26309797153569237,-1.2343386930349332
97,0.2818233533184138,1.1215751603096045,0.2630560416849117,-1.234105917151271
98,0.28186202367595103,1.1213237457766827,0.2630158228972135,-1.2338755984069123
99,0.28190058661420764,1.1210746840766364,0.26297731517259776,-1.2336477368018575
100,0.28193904213318355,1.1208279752094656,0.26294051851106454,-1.2334223323361064
101,0.28197739023287877,1.1205836191751708,0.2629054329126138,-1.233199385009659
102,0.2820156309132933,1.1203416159737514,0.26287205837724553,-1.2329788948225153
103,0.2820537641744272,1.1201019656052076,0.26284039490495975,-1.2327608617746755
104,0.2820917900162804,1.1198646680695394,0.2628104424957564,-1.2325452858661392
105,0.28212970843885293,1.1196297233667467,0.2627822011496356,-1.2323321670969067
106,0.28216751944214474,1.1193971314968298,0.26275567086659724,-1.232121505466978
107,0.2822052230261559,1.1191668924597886,0.2627308516466414,-1.231913300976353
108,0.2822428191908864,1.118939006255623,0.262707743489768,-1.2317075536250317
109,0.2822803079363362,1.1187134728843329,0.2626863463959771,-1.2315042634130142
110,0.28231768926250533,1.1184902923459186,0.2626666603652687,-1.2313034303403005
111,0.2823549631693938,1.1182694646403797,0.26264868539764274,-1.2311050544068904
112,0.28239212965700156,1.1180509897677167,0.2626324214930993,-1.2309091356127841
113,0.2824291887253287,1.117834867727929,0.26261786865163833,-1.2307156739579814
114,0.28246614037437506,1.117621098521017,0.2626050268732598,-1.2305246694424825
115,0.2825029846041408,1.117409682146981,0.2625938961579638,-1.2303361220662874
116,0.2825397214146259,1.1172006186058203,0.2625844765057503,-1.230150031829396
117,0.28257635080583027,1.1169939078975353,0.26257676791661927,-1.2299663987318084
118,0.282612872777754,1.1167895500221259,0.2625707703905707,-1.2297852227735244
119,0.282649287330397,1.1165875449795921,0.2625664839276046,-1.229606503954544
120,0.28268559446375935,1.116387892769934,0.262563908527721,-1.2294302422748675
121,0.28272179417784105,1.1161905933931513,0.26256304419091986,-1.2292564377344948
122,0.28275788647264205,1.1159956468492445,0.2625638909172012,-1.2290850903334258
123,0.28279387134816236,1.1158030531382133,0.2625664487065651,-1.2289162000716605
124,0.282829748804581,1.1156128122607631,0.26257071755917755,-1.2287497669499778
125,0.28283024746843016,1.1152372706265097,0.262581125046831,-1.228329089396094
126,0.2828656259123865,1.1150483067856283,0.26258812009514004,-1.2281637676698278
127,0.2829009195969114,1.1148618157159373,0.2625968231263022,-1.2280010674390125
128,0.2829361285218255,1.1146777974167308,0.26260723414015136,-1.2278409887028707
129,0.2829712526871289,1.1144962518880088,0.26261935313668744,-1.2276835314614027
130,0.2830062920928216,1.1143171791297715,0.2626331801159104,-1.227528695714608
131,0.2830412467389036,1.1141405791420185,0.2626487150778204,-1.2273764814624872
132,0.28307611662537485,1.1139664519247503,0.2626659580224173,-1.22722688870504
133,0.28311090175223536,1.1137947974779665,0.2626849089497012,-1.2270799174422662
134,0.2831456021194852,1.113625615801667,0.26270556785967203,-1.2269355676741662
135,0.28318021772712426,1.1134589068958523,0.2627279347523298,-1.2267938394007396
136,0.28321474857515266,1.113294670760522,0.26275200962767453,-1.2266547326219868
137,0.28324919466357035,1.1131329073956764,0.2627777924857062,-1.2265182473379075
138,0.28328355599237726,1.1129736168013153,0.26280528332642483,-1.2263843835485018
139,0.2833178325615735,1.1128167989774387,0.2628344821498304,-1.2262531412537696
140,0.28335202437115903,1.1126624539240466,0.26286538895592293,-1.2261245204537112
141,0.28338613142113384,1.112510581641139,0.2628980037447024,-1.2259985211483262
142,0.28342015371149787,1.112361182128716,0.2629323265161688,-1.225875143337615
143,0.28345409124225124,1.1122142553867775,0.2629683572703222,-1.2257543870215772
144,0.2834879440133939,1.1120698014153234,0.2630060960071625,-1.225636252200213
145,0.2835217120249258,1.111927820214354,0.26304554272668984,-1.2255207388735225
146,0.28355539527684703,1.1117883117838692,0.26308669742890406,-1.2254078470415057
147,0.28358899376915747,1.1116512761238688,0.2631295601138052,-1.2252975767041625
148,0.28362250750185725,1.1115167132343529,0.26317413078139335,-1.2251899278614926
149,0.2836559364749463,1.1113846231153217,0.2632204094316684,-1.2250849005134965
150,0.28368928068842464,1.111255005766775,0.2632683960646304,-1.2249824946601742
151,0.28372254014229226,1.1111278611887125,0.2633180906802794,-1.2248827103015252
152,0.28375571483654916,1.111003189381135,0.2633694932786153,-1.2247855474375497
153,0.28378880477119534,1.1108809903440418,0.2634226038596382,-1.224691006068248
154,0.28382180994623074,1.110761264077433,0.26347742242334804,-1.22459908619362
155,0.2838547303616555,1.110644010581309,0.2635339489697448,-1.2245097878136655
156,0.2838875660174695,1.1105292298556693,0.2635921834988285,-1.2244231109283845
157,0.2839203169136728,1.1104169219005142,0.2636521260105992,-1.2243390555377773
158,0.2839529830502654,1.1103070867158438,0.2637137765050568,-1.2242576216418435
159,0.28398556442724726,1.1101997243016577,0.2637771349822014,-1.2241788092405834
160,0.2840180610446184,1.1100948346579562,0.2638422014420329,-1.224102618333997
161,0.28405047290237884,1.1099924177847393,0.26390897588455137,-1.224029048922084
162,0.28408280000052855,1.1098924736820068,0.2639774583097568,-1.2239581010048446
163,0.28411504233906754,1.1097950023497591,0.2640476487176492,-1.223889774582279
164,0.2841471999179958,1.1097000037879956,0.2641195471082285,-1.2238240696543867
165,0.28417927273731336,1.1096074779967169,0.26419315348149475,-1.2237609862211682
166,0.28421126079702025,1.1095174249759225,0.264268467837448,-1.2237005242826233
167,0.28424316409711636,1.1094298447256128,0.26434549017608816,-1.2236426838387522
168,0.28427498263760176,1.1093447372457876,0.26442422049741526,-1.2235874648895544
169,0.28430671641847644,1.109262102536447,0.26450465880142937,-1.2235348674350301
170,0.2843383654397404,1.109181940597591,0.2645868050881304,-1.2234848914751797
171,0.28436992970139363,1.1091042514292193,0.2646706593575183,-1.2234375370100028
172,0.28440140920343615,1.109029035031332,0.2647562216095933,-1.2233928040394995
173,0.284432803945868,1.1089562914039295,0.26484349184435513,-1.2233506925636697
174,0.2844641139286891,1.1088860205470115,0.2649324700618039,-1.2233112025825137
175,0.28449533915189945,1.108818222460578,0.26502315626193973,-1.223274334096031
176,0.2845264796154991,1.108752897144629,0.2651155504447624,-1.2232400871042222
177,0.284557535319488,1.1086900445991648,0.26520965261027213,-1.2232084616070868
178,0.2845885062638663,1.1086296648241847,0.2653054627584687,-1.223179457604625
179,0.28461939244863377,1.1085717578196894,0.26540298088935227,-1.223153075096837
180,0.28465019387379054,1.1085163235856785,0.2655022070029228,-1.2231293140837225
181,0.2846809105393366,1.1084633621221522,0.26560314109918026,-1.2231081745652814
182,0.28471154244527197,1.1084128734291105,0.2657057831781247,-1.2230896565415141
183,0.2847420895915966,1.1083648575065532,0.26581013323975605,-1.2230737600124204
184,0.2847725519783105,1.1083193143544805,0.2659161912840744,-1.2230604849780002
185,0.2848029296054137,1.1082762439728924,0.26602395731107964,-1.2230498314382536
186,0.28483322247290616,1.1082356463617886,0.2661334313207719,-1.2230417993931808
187,0.2848634305807879,1.1081975215211697,0.266244613313151,-1.2230363888427815
188,0.28489355392905896,1.1081618694510351,0.26635750328821717,-1.2230335997870556
189,0.28492359251771926,1.108128690151385,0.2664721012459702,-1.2230334322260035
190,0.2849535463467689,1.1080979836222193,0.26658840718641025,-1.223035886159625
191,0.28498341541620775,1.1080697498635383,0.2667064211095372,-1.22304096158792
192,0.28501319972603595,1.108043988875342,0.2668261430153511,-1.2230486585108888
193,0.28504289927625337,1.1080207006576301,0.266947572903852,-1.223058976928531
194,0.28507251406686007,1.1079998852104027,0.2670707107750398,-1.2230719168408468
195,0.2851020440978561,1.1079815425336599,0.2671955566289146,-1.2230874782478363
196,0.2851314893692414,1.1079656726274014,0.26732211046547627,-1.2231056611494995
197,0.285160849881016,1.1079522754916278,0.26745037228472496,-1.223126465545836
198,0.2851901256331798,1.1079413511263385,0.2675803420866606,-1.2231498914368464
199,0.28521931662573297,1.1079328995315336,0.2677120198712831,-1.22317593882253
200,0.2852484228586754,1.1079269207072135,0.26784540563859266,-1.2232046077028875
201,0.2852774443320071,1.1079234146533778,0.26798049938858914,-1.2232358980779185
202,0.2853063810457281,1.1079223813700267,0.2681173011212725,-1.2232698099476234
203,0.2853352329998383,1.10792382085716,0.2682558108366429,-1.2233063433120015
204,0.2853640001943379,1.1079277331147779,0.26839602853470024,-1.2233454981710534
205,0.28539268262922673,1.1079341181428803,0.26853795421544446,-1.223387274524779
206,0.2854212803045048,1.1079429759414674,0.2686815878788757,-1.223431672373178
207,0.2854497932201722,1.1079543065105388,0.2688269295249939,-1.2234786917162506
208,0.28547822137622886,1.107968109850095,0.268973979153799,-1.2235283325539967
209,0.28550656477267483,1.1079843859601355,0.269122736765291,-1.2235805948864167
210,0.2855348234095101,1.1080031348406607,0.26927320235947005,-1.2236354787135102
211,0.2855629972867346,1.1080243564916703,0.26942537593633603,-1.223692984035277
212,0.2855910864043484,1.1080480509131645,0.26957925749588896,-1.223753110851718
213,0.2856190907623515,1.1080742181051433,0.2697348470381288,-1.223815859162832
214,0.28564701036074386,1.1081028580676064,0.2698921445630556,-1.2238812289686198
215,0.28567484519952546,1.1081339708005542,0.2700511500706694,-1.2239492202690814
216,0.2857025952786964,1.1081675563039866,0.2702118635609701,-1.2240198330642165
217,0.2857302605982566,1.1082036145779033,0.2703742850339578,-1.224093067354025
218,0.2857578411582061,1.1082421456223046,0.2705384144896324,-1.2241689231385073
219,0.2857853369585449,1.1082831494371905,0.2707042519279939,-1.2242474004176631
220,0.2858127479992729,1.108326626022561,0.27087179734904243,-1.2243284991914924
221,0.28584007428039027,1.108372575378416,0.2710410507527779,-1.2244122194599956
222,0.2858673158018969,1.1084209975047554,0.2712120121392003,-1.2244985612231722
223,0.2858944725637928,1.1084718924015795,0.2713846815083097,-1.2245875244810225
224,0.285921544566078,1.108525260068888,0.271559058860106,-1.2246791092335463
225,0.28594853180875246,1.108581100506681,0.2717351441945893,-1.2247733154807436
226,0.2859754342918162,1.1086394137149587,0.2719129375117595,-1.2248701432226148
227,0.28600225201526924,1.108700199693721,0.27209243881161665,-1.2249695924591595
228,0.28602898497911156,1.1087634584429675,0.27227364809416077,-1.2250716631903775
229,0.28605563318334315,1.1088291899626987,0.27245656535939183,-1.2251763554162696
230,0.286082196627964,1.1088973942529146,0.27264119060730985,-1.225283669136835
231,0.2861086753129741,1.1089680713136147,0.27282752383791475,-1.225393604352074
232,0.2861350692383736,1.1090412211447995,0.27301556505120667,-1.2255061610619866
233,0.28616137840416234,1.109116843746469,0.2732053142471855,-1.2256213392665727
234,0.28618760281034034,1.1091949391186229,0.2733967714258514,-1.2257391389658325
235,0.2862137424569076,1.1092755072612612,0.27358993658720415,-1.225859560159766
236,0.2862397973438642,1.1093585481743842,0.27378480973124386,-1.2259826028483731
237,0.28626576747121,1.1094440618579915,0.2739813908579705,-1.2261082670316537
238,0.28629165283894514,1.1095320483120836,0.2741796799673841,-1.226236552709608
239,0.28631745344706955,1.1096225075366601,0.2743796770594847,-1.2263674598822358
240,0.28634316929558323,1.1097154395317212,0.2745813821342722,-1.2265009885495373
241,0.2863688003844862,1.1098108442972667,0.27478479519174664,-1.2266371387115123
242,0.28639434671377845,1.1099087218332968,0.27498991623190805,-1.2267759103681608
243,0.28641980828346,1.1100090721398115,0.2751967452547564,-1.2269173035194831
244,0.2864451850935308,1.1101118952168108,0.2754052822602917,-1.2270613181654788
245,0.28647047714399093,1.1102171910642944,0.27561552724851396,-1.2272079543061483
246,0.2864956844348403,1.1103249596822626,0.27582748021942316,-1.2273572119414913
247,0.28652080696607896,1.1104352010707155,0.27604114117301937,-1.2275090910715079
248,0.2865458447377069,1.1105479152296527,0.27625651010930247,-1.2276635916961982
249,0.28657079774972416,1.1106631021590747,0.2764735870282725,-1.227820713815562
