,R0_35c01,R1_R2_35c01,im_max_35c01,slope_35c01
0,0.2708961348492588,0.48415302394203635,0.128033477570239,-0.4868460111091489
1,0.2709360694225029,0.48411371297364625,0.12808736793730183,-0.4868849545571228
2,0.2709763755664146,0.4840810866340791,0.12814320330220066,-0.486930936884357
3,0.2710170532809936,0.48405514492333507,0.12820098366493557,-0.4869839580908516
4,0.27105810256624013,0.48403588784141405,0.12826070902550651,-0.48704401817660653
5,0.2710995234221541,0.48402331538831606,0.1283223793839135,-0.48711111714162186
6,0.2711413158487355,0.4840174275640411,0.12838599474015652,-0.4871852549858975
7,0.2711834798459844,0.4840182243685892,0.1284515550942356,-0.4872664317094335
8,0.27122601541390073,0.4840257058019603,0.12851906044615072,-0.48735464731222994
9,0.2712689225524845,0.4840398718641544,0.12858851079590186,-0.48744990179428666
10,0.2713122012617357,0.4840607225551716,0.12865990614348907,-0.4875521951556038
11,0.2713558515416544,0.4840882578750118,0.12873324648891232,-0.4876615273961812
12,0.2713998733922406,0.484122477823675,0.1288085318321716,-0.487777898516019
13,0.27144426681349415,0.4841633824011613,0.12888576217326692,-0.4879013085151172
14,0.2714890318054152,0.4842109716074706,0.1289649375121983,-0.4880317573934757
15,0.2715341683680037,0.48426524544260297,0.12904605784896572,-0.4881692451510946
16,0.27157967650125964,0.4843262039065583,0.12912912318356917,-0.48831377178797386
17,0.271625556205183,0.4843938469993367,0.12921413351600866,-0.48846533730411346
18,0.27167180747977393,0.4844681747209381,0.12930108884628422,-0.4886239416995134
19,0.27171843032503223,0.4845491870713626,0.12938998917439581,-0.4887895849741737
20,0.271765424740958,0.4846368840506101,0.12948083450034342,-0.4889622671280944
21,0.2718127907275512,0.48473126565868063,0.1295736248241271,-0.4891419881612754
22,0.27186052828481183,0.4848323318955742,0.1296683601457468,-0.4893287480737168
23,0.27190863741273996,0.4849400827612908,0.12976504046520257,-0.4895225468654185
24,0.27195711811133555,0.4850545182558304,0.1298636657824944,-0.48972338453638065
25,0.2720059703805986,0.4851756383791931,0.12996423609762223,-0.4899312610866031
26,0.27205519422052904,0.48530344313137874,0.1300667514105861,-0.49014617651608594
27,0.272104789631127,0.4854379325123875,0.13017121172138604,-0.4903681308248291
28,0.27215475661239236,0.48557910652221925,0.13027761703002202,-0.4905971240128326
29,0.2722050951643252,0.48572696516087405,0.13038596733649402,-0.49083315608009653
30,0.2722558052869255,0.48588150842835187,0.13049626264080208,-0.4910762270266208
31,0.27230688698019323,0.4860427363246527,0.13060850294294618,-0.4913263368524054
32,0.2723583402441284,0.4862106488497766,0.13072268824292632,-0.49158348555745035
33,0.27241016507873106,0.4863852460037235,0.13083881854074253,-0.49184767314175565
34,0.27246236148400116,0.48656652778649345,0.13095689383639475,-0.49211889960532135
35,0.2725149294599387,0.4867544941980864,0.13107691412988304,-0.4923971649481474
36,0.27256786900654373,0.48694914523850247,0.13119887942120734,-0.4926824691702338
37,0.27262118012381614,0.4871504809077415,0.1313227897103677,-0.4929748122715805
38,0.27267486281175607,0.4873585012058036,0.1314486449973641,-0.49327419425218766
39,0.27272891707036345,0.4875732061326887,0.13157644528219656,-0.4935806151120551
40,0.27278334289963824,0.48779459568839684,0.13170619056486504,-0.4938940748511829
41,0.27283814029958053,0.488022669872928,0.13183788084536957,-0.4942145734695711
42,0.27289330927019023,0.48825742868628225,0.13197151612371014,-0.4945421109672197
43,0.2729488498114674,0.4884988721284595,0.13210709639988677,-0.49487668734412854
44,0.27300476192341205,0.48874700019945977,0.13224462167389942,-0.4952183026002978
45,0.2730610456060241,0.4890018128992831,0.13238409194574813,-0.4955669567357274
46,0.27311770085930365,0.4892633102279294,0.13252550721543288,-0.4959226497504174
47,0.27317472768325063,0.48953149218539876,0.13266886748295365,-0.49628538164436775
48,0.27323212607786507,0.4898063587716912,0.13281417274831048,-0.4966551524175784
49,0.27328989604314696,0.4900879099868066,0.13296142301150338,-0.49703196207004946
50,0.2733480375790963,0.49037614583074507,0.1331106182725323,-0.49741581060178086
51,0.27340655068571307,0.4906710663035066,0.13326175853139724,-0.4978066980127726
52,0.27346543536299733,0.49097267140509115,0.13341484378809823,-0.49820462430302476
53,0.27352469161094906,0.4912809611354987,0.1335698740426353,-0.4986095894725372
54,0.2735843194295682,0.4915959354947293,0.1337268492950084,-0.49902159352131004
55,0.2736443188188548,0.49191759448278294,0.13388576954521753,-0.4994406364493432
56,0.27370468977880885,0.4922459380996596,0.13404663479326268,-0.49986671825663676
57,0.27376543230943035,0.4925809663453593,0.1342094450391439,-0.5002998389431906
58,0.27382654641071935,0.49292267921988203,0.13437420028286118,-0.500739998509005
59,0.27388803208267576,0.4932710767232278,0.13454090052441448,-0.5011871969540795
60,0.2739498893252996,0.4936261588553966,0.1347095457638038,-0.5016414342784146
61,0.27401211813859094,0.49398792561638843,0.13488013600102922,-0.5021027104820098
62,0.2740747185225497,0.4943563770062033,0.13505267123609063,-0.5025710255648655
63,0.27413769047717595,0.4947315130248412,0.13522715146898812,-0.5030463795269816
64,0.2742010340024696,0.4951133336723021,0.13540357669972164,-0.503528772368358
65,0.27426474909843074,0.49550183894858607,0.1355819469282912,-0.5040182040889948
66,0.27432883576505934,0.4958970288536931,0.1357622621546968,-0.5045146746888919
67,0.27439329400235535,0.49629890338762306,0.13594452237893845,-0.5050181841680494
68,0.27445812381031887,0.4967074625503761,0.13612872760101613,-0.5055287325264672
69,0.2745233251889498,0.4971227063419522,0.13631487782092988,-0.5060463197641455
70,0.2745888981382482,0.49754463476235133,0.13650297303867964,-0.506570945881084
71,0.27465484265821405,0.4979732478115735,0.13669301325426547,-0.5071026108772829
72,0.27472115874884734,0.4984085454896187,0.1368849984676873,-0.5076413147527422
73,0.2747878464101481,0.4988505277964869,0.13707892867894522,-0.5081870575074618
74,0.2748549056421163,0.49929919473217815,0.13727480388803917,-0.5087398391414418
75,0.27492233644475195,0.49975454629669247,0.13747262409496916,-0.5092996596546822
76,0.27499013881805506,0.5002165824900298,0.13767238929973521,-0.5098665190471828
77,0.27505831276202564,0.5006853033121901,0.13787409950233728,-0.5104404173189439
78,0.27512685827666367,0.5011607087631735,0.1380777547027754,-0.5110213544699653
79,0.27519577536196915,0.5016427988429799,0.13828335490104957,-0.511609330500247
80,0.27526506401794204,0.5021315735516093,0.13849090009715978,-0.5122043454097892
81,0.27533472424458244,0.5026270328890619,0.138700390291106,-0.5128063991985917
82,0.27540475604189024,0.5031291768553373,0.1389118254828883,-0.5134154918666546
83,0.27547515940986556,0.5036380054504359,0.13912520567250664,-0.5140316234139778
84,0.27554593434850827,0.5041535186743574,0.139340530859961,-0.5146547938405613
85,0.27561708085781844,0.5046757165271021,0.13955780104525145,-0.5152850031464052
86,0.2756885989377961,0.5052045990086698,0.1397770162283779,-0.5159222513315095
87,0.2757604885884412,0.5057401661190604,0.1399981764093404,-0.5165665383958742
88,0.27583274980975375,0.5062824178582741,0.14022128158813896,-0.5172178643394991
89,0.27590538260173375,0.5068313542263109,0.14044633176477356,-0.5178762291623845
90,0.2759783869643812,0.5073869752231706,0.1406733269392442,-0.5185416328645303
91,0.2760517628976961,0.5079492808488534,0.14090226711155085,-0.5192140754459362
92,0.27612551040167843,0.5085182711033592,0.1411331522816936,-0.5198935569066027
93,0.27619962947632826,0.5090939459866881,0.14136598244967236,-0.5205800772465294
94,0.27627412012164554,0.50967630549884,0.14160075761548716,-0.5212736364657166
95,0.2763489823376302,0.510265349639815,0.141837477779138,-0.5219742345641641
96,0.2764242161242824,0.5108610784096129,0.1420761429406249,-0.522681871541872
97,0.276499821481602,0.5114634918082339,0.14231675309994785,-0.5233965473988401
98,0.27657579840958907,0.5120725898356779,0.1425593082571068,-0.5241182621350687
99,0.27665214690824363,0.512688372491945,0.14280380841210183,-0.5248470157505577
100,0.2767288669775656,0.5133108397770351,0.1430502535649329,-0.5255828082453069
101,0.276805958617555,0.5139399916909483,0.1432986437156,-0.5263256396193166
102,0.2768834218282119,0.5145758282336844,0.14354897886410314,-0.5270755098725866
103,0.27696125660953624,0.5152183494052436,0.14380125901044236,-0.5278324190051169
104,0.27703946296152804,0.5158675552056258,0.14405548415461758,-0.5285963670169076
105,0.2771180408841873,0.5165234456348311,0.14431165429662884,-0.5293673539079587
106,0.27719699037751394,0.5171860206928593,0.14456976943647618,-0.5301453796782701
107,0.2772763114415081,0.5178552803797107,0.14482982957415955,-0.530930444327842
108,0.2773560040761697,0.518531224695385,0.14509183470967896,-0.531722547856674
109,0.27743606828149875,0.5192138536398825,0.1453557848430344,-0.5325216902647666
110,0.2775165040574953,0.5199031672132028,0.1456216799742259,-0.5333278715521195
111,0.2775973114041592,0.5205991654153463,0.14588952010325343,-0.5341410917187327
112,0.2776784903214906,0.5213018482463128,0.146159305230117,-0.5349613507646063
113,0.27776004080948946,0.5220112157061023,0.14643103535481664,-0.5357886486897402
114,0.2778419628681558,0.5227272677947149,0.1467047104773523,-0.5366229854941345
115,0.2779242564974896,0.5234500045121505,0.146980330597724,-0.5374643611777892
116,0.2780069216974908,0.524179425858409,0.14725789571593176,-0.5383127757407041
117,0.2780899584681595,0.5249155318334907,0.14753740583197555,-0.5391682291828794
118,0.2781733668094956,0.5256583224373954,0.1478188609458554,-0.5400307215043152
119,0.27825714672149915,0.5264077976701231,0.14810226105757127,-0.5409002527050113
120,0.2783412982041702,0.5271639575316739,0.1483876061671232,-0.5417768227849677
121,0.2784258212575087,0.5279268020220477,0.14867489627451116,-0.5426604317441845
122,0.2785107158815146,0.5286963311412445,0.14896413137973516,-0.5435510795826617
123,0.278595982076188,0.5294725448892643,0.14925531148279522,-0.5444487663003992
124,0.27868161984152884,0.5302554432661072,0.14954843658369132,-0.545353491897397
125,0.27876762917753717,0.5310450262717731,0.14984350668242347,-0.5462652563736553
126,0.2788540100842129,0.531841293906262,0.15014052177899162,-0.5471840597291738
127,0.2789407625615561,0.5326442461695741,0.15043948187339584,-0.5481099019639528
128,0.27902788660956673,0.533453883061709,0.15074038696563613,-0.5490427830779921
129,0.27911538222824483,0.534270204582667,0.15104323705571243,-0.5499827030712918
130,0.2792032494175904,0.5350932107324481,0.1513480321436248,-0.5509296619438517
131,0.2792914881776034,0.5359229015110523,0.15165477222937318,-0.5518836596956721
132,0.2793800985082839,0.5367592769184794,0.15196345731295763,-0.5528446963267528
133,0.2794690804096318,0.5376023369547296,0.1522740873943781,-0.553812771837094
134,0.2795584338816472,0.5384520816198027,0.15258666247363462,-0.5547878862266954
135,0.27964815892433,0.539308510913699,0.15290118255072718,-0.5557700394955571
136,0.2797382555376803,0.5401716248364182,0.1532176476256558,-0.5567592316436794
137,0.279828723721698,0.5410414233879606,0.15353605769842046,-0.5577554626710619
138,0.2799195634763832,0.5419179065683258,0.15385641276902115,-0.5587587325777048
139,0.2800107748017358,0.5428010743775142,0.15417871283745788,-0.5597690413636079
140,0.2801023576977559,0.5436909268155257,0.15450295790373067,-0.5607863890287715
141,0.28019431216444346,0.54458746388236,0.1548291479678395,-0.5618107755731955
142,0.28028663820179844,0.5454906855780175,0.15515728302978438,-0.5628422009968799
143,0.2803793358098209,0.546400591902498,0.15548736308956526,-0.5638806652998245
144,0.2804724049885108,0.5473171828558016,0.15581938814718221,-0.5649261684820295
145,0.28056584573786814,0.5482404584379281,0.1561533582026352,-0.5659787105434949
146,0.28065965805789295,0.5491704186488777,0.15648927325592427,-0.5670382914842206
147,0.28075384194858516,0.5501070634886503,0.15682713330704934,-0.5681049113042067
148,0.2808483974099449,0.551050392957246,0.15716693835601048,-0.5691785700034532
149,0.28094332444197206,0.5520004070546647,0.15750868840280763,-0.57025926758196
150,0.28103862304466665,0.5529571057809064,0.15785238344744085,-0.5713470040397272
151,0.28113429321802874,0.5539204891359711,0.1581980234899101,-0.5724417793767547
152,0.28123033496205824,0.5548905571198589,0.1585456085302154,-0.5735435935930425
153,0.2813267482767552,0.5558673097325697,0.15889513856835674,-0.5746524466885907
154,0.28142353316211965,0.5568507469741036,0.15924661360433412,-0.5757683386633994
155,0.2815206896181515,0.5578408688444605,0.15960003363814754,-0.5768912695174684
156,0.28161821764485084,0.5588376753436404,0.15995539866979702,-0.5780212392507976
157,0.2817161172422176,0.5598411664716434,0.16031270869928252,-0.5791582478633873
158,0.28181438841025186,0.5608513422284693,0.16067196372660408,-0.5803022953552374
159,0.28191303114895355,0.5618682026141184,0.1610331637517617,-0.5814533817263478
160,0.2820120454583227,0.5628917476285904,0.1613963087747553,-0.5826115069767185
161,0.28211143133835925,0.5639219772718855,0.161761398795585,-0.5837766711063496
162,0.2822111887890633,0.5649588915440036,0.16212843381425074,-0.584948874115241
163,0.28231131781012714,0.566002490444328,0.16249741383057545,-0.5861281160027545
164,0.28241181840247376,0.5670527739747089,0.1628683388450903,-0.587314396770805
165,0.2825126905651802,0.5681097421332961,0.16324120885726418,-0.5885077164174776
166,0.282613934298554,0.5691733949207064,0.16361602386727406,-0.5897080749434105
167,0.2827155496025953,0.5702437323369396,0.16399278387512,-0.5909154723486036
168,0.2828175364773041,0.5713207543819959,0.164371488880802,-0.5921299086330573
169,0.2829198949226803,0.5724044610558753,0.16475213888432,-0.5933513837967712
170,0.283022624938724,0.5734948523585777,0.16513473388567407,-0.5945798978397456
171,0.2831257265254351,0.5745919282901031,0.1655192738848642,-0.5958154507619803
172,0.2832291996828137,0.5756956888504515,0.16590575888189035,-0.5970580425634753
173,0.2833330444108597,0.576806134039623,0.16629418887675254,-0.5983076732442307
174,0.2834372607095732,0.5779232638576175,0.1666845638694508,-0.5995643428042464
175,0.2835418485789541,0.579047078304435,0.16707688385998506,-0.6008280512435226
176,0.2836468080190025,0.5801775773800756,0.1674711488483554,-0.602098798562059
177,0.28375213902971835,0.5813147610845392,0.16786735883456178,-0.6033765847598558
178,0.2838578416111016,0.5824586294178258,0.1682655138186042,-0.604661409836913
179,0.28396391576315233,0.5836091823799354,0.16866561380048264,-0.6059532737932305
180,0.28407036148587056,0.5847664199708682,0.16906765878019714,-0.6072521766288085
181,0.2841771787792562,0.5859303421906239,0.16947164875774767,-0.6085581183436467
182,0.2842843676433093,0.5871009490392026,0.16987758373313427,-0.6098710989377453
183,0.2843919280780299,0.5882782405166045,0.1702854637063569,-0.6111911184111043
184,0.2844998600834179,0.5894622166228293,0.17069528867741557,-0.6125181767637236
185,0.28460816365947333,0.5906528773578772,0.17110705864631026,-0.6138522739956033
186,0.28471683880619625,0.591850222721748,0.17152077361304102,-0.6151934101067433
187,0.28482588552358656,0.593054252714442,0.17193643357760782,-0.6165415850971437
188,0.2849353038116444,0.5942649673359589,0.1723540385400107,-0.6178967989668045
189,0.2850450936703697,0.5954823665862989,0.17277358850024957,-0.6192590517157256
190,0.2851552550997624,0.5967064504654619,0.1731950834583245,-0.620628343343907
191,0.28526578809982256,0.597937218973448,0.17361852341423545,-0.6220046738513489
192,0.2853766926705502,0.5991746721102571,0.17404390836798247,-0.6233880432380511
193,0.28548796881194527,0.6004188098758891,0.1744712383195655,-0.6247784515040136
194,0.2855996165240078,0.6016696322703443,0.17490051326898462,-0.6261758986492365
195,0.2857116358067378,0.6029271392936225,0.17533173321623977,-0.6275803846737198
196,0.28582402666013523,0.6041913309457237,0.17576489816133095,-0.6289919095774634
197,0.2859367890842001,0.605462207226648,0.17620000810425818,-0.6304104733604674
198,0.28604992307893246,0.6067397681363953,0.17663706304502147,-0.6318360760227317
199,0.28616342864433225,0.6080240136749656,0.17707606298362077,-0.6332687175642564
200,0.2862773057803995,0.609314943842359,0.17751700792005612,-0.6347083979850414
201,0.2863915544871342,0.6106125586385753,0.17795989785432753,-0.6361551172850869
202,0.2865061747645364,0.6119168580636147,0.17840473278643498,-0.6376088754643926
203,0.28662116661260595,0.6132278421174772,0.17885151271637845,-0.6390696725229588
204,0.28673653003134303,0.6145455108001626,0.17930023764415798,-0.6405375084607852
205,0.28685226502074757,0.6158698641116711,0.17975090756977355,-0.642012383277872
206,0.2869683715808195,0.6172009020520027,0.1802035224932252,-0.6434942969742192
207,0.2870848497115589,0.6185386246211573,0.18065808241451284,-0.6449832495498268
208,0.2872016994129658,0.6198830318191348,0.18111458733363653,-0.6464792410046947
209,0.2873189206850401,0.6212341236459356,0.1815730372505963,-0.647982271338823
210,0.2874365135277819,0.6225919001015592,0.18203343216539208,-0.6494923405522116
211,0.2875544779411911,0.623956361186006,0.1824957720780239,-0.6510094486448605
212,0.2876728139252678,0.6253275068992756,0.18296005698849177,-0.6525335956167699
213,0.2877915214800119,0.6267053372413685,0.1834262868967957,-0.6540647814679397
214,0.2879106006054235,0.6280898522122842,0.18389446180293564,-0.6556030061983698
215,0.28803005130150255,0.6294810518120231,0.18436458170691164,-0.6571482698080601
216,0.28814987356824906,0.6308789360405849,0.18483664660872368,-0.6587005722970108
217,0.28827006740566297,0.6322835048979698,0.18531065650837178,-0.660259913665222
218,0.2883906328137444,0.6336947583841778,0.1857866114058559,-0.6618262939126935
219,0.28851156979249326,0.6351126964992088,0.18626451130117608,-0.6633997130394254
220,0.28863287834190954,0.6365373192430628,0.1867443561943323,-0.6649801710454175
221,0.28875455846199327,0.6379686266157397,0.18722614608532456,-0.6665676679306701
222,0.2888766101527445,0.6394066186172398,0.18770988097415287,-0.668162203695183
223,0.28899903341416316,0.6408512952475629,0.1881955608608172,-0.6697637783389563
224,0.28912182824624927,0.642302656506709,0.1886831857453176,-0.6713723918619899
225,0.28924499464900283,0.6437607023946782,0.189172755627654,-0.6729880442642839
226,0.28936853262242385,0.6452254329114704,0.1896642705078265,-0.6746107355458383
227,0.2894924421665123,0.6466968480570856,0.190157730385835,-0.676240465706653
228,0.28961672328126825,0.6481749478315239,0.1906531352616796,-0.677877234746728
229,0.28974137596669164,0.6496597322347851,0.19115048513536018,-0.6795210426660634
230,0.2898664002227825,0.6511512012668694,0.19164978000687682,-0.6811718894646592
231,0.28999179604954073,0.6526493549277769,0.1921510198762295,-0.6828297751425154
232,0.2901175634469665,0.6541541932175072,0.19265420474341824,-0.6844946996996318
233,0.2902437024150597,0.6556657161360606,0.19315933460844303,-0.6861666631360087
234,0.2903702129538203,0.6571839236834371,0.1936664094713038,-0.6878456654516459
235,0.2904970950632484,0.6587088158596366,0.19417542933200072,-0.6895317066465435
236,0.290624348743344,0.6602403926646592,0.19468639419053357,-0.6912247867207014
237,0.29075197399410696,0.6617786540985047,0.19519930404690256,-0.6929249056741197
238,0.2908799708155374,0.6633236001611733,0.19571415890110755,-0.6946320635067983
239,0.2910083392076353,0.6648752308526649,0.19623095875314855,-0.6963462602187374
240,0.29113707917040066,0.6664335461729796,0.19674970360302563,-0.6980674958099367
241,0.29126619070383347,0.6679985461221172,0.19727039345073877,-0.6997957702803963
242,0.29139567380793374,0.6695702307000779,0.19779302829628792,-0.7015310836301164
243,0.29152552848270147,0.6711485999068616,0.1983176081396731,-0.7032734358590969
244,0.2916557547281366,0.6727336537424684,0.19884413298089437,-0.7050228269673376
245,0.29178635254423924,0.6743253922068982,0.19937260281995167,-0.7067792569548388
246,0.29191732193100933,0.6759238153001511,0.19990301765684498,-0.7085427258216003
247,0.29204866288844683,0.677528923022227,0.20043537749157436,-0.7103132335676221
248,0.29218037541655184,0.6791407153731258,0.20096968232413978,-0.7120907801929044
249,0.29231245951532425,0.6807591923528478,0.20150593215454124,-0.7138753656974469
250,0.2924449151847641,0.6823843539613927,0.20204412698277874,-0.7156669900812499
251,0.29257774242487145,0.6840162001987607,0.20258426680885228,-0.7174656533443131
252,0.2927109412356463,0.6856547310649518,0.20312635163276188,-0.7192713554866368
253,0.2928445116170885,0.6872999465599658,0.20367038145450753,-0.7210840965082208
254,0.2929784535691982,0.6889518466838029,0.20421635627408918,-0.7229038764090652
255,0.29311276709197537,0.6906104314364632,0.20476427609150694,-0.7247306951891699
256,0.2932474521854199,0.6922757008179463,0.20531414090676067,-0.7265645528485349
257,0.293382508849532,0.6939476548282525,0.20586595071985048,-0.7284054493871603
258,0.2935179370843115,0.6956262934673817,0.20641970553077632,-0.7302533848050462
259,0.2936537368897585,0.6973116167353339,0.2069754053395382,-0.7321083591021924
260,0.29378990826587287,0.6990036246321093,0.20753305014613616,-0.7339703722785988
261,0.2939264512126547,0.7007023171577076,0.20809263995057012,-0.7358394243342657
262,0.29406336573010405,0.7024076943121289,0.20865417475284015,-0.737715515269193
263,0.2942006518182208,0.7041197560953734,0.20921765455294622,-0.7395986450833805
264,0.29433830947700507,0.7058385025074407,0.2097830793508883,-0.7414888137768285
265,0.29447633870645673,0.7075639335483312,0.21035044914666645,-0.7433860213495367
266,0.29461473950657585,0.7092960492180447,0.21091976394028064,-0.7452902678015054
267,0.29475351187736243,0.7110348495165812,0.2114910237317309,-0.7472015531327344
268,0.29489265581881646,0.7127803344439408,0.21206422852101714,-0.7491198773432237
269,0.29503217133093795,0.7145325040001235,0.2126393783081395,-0.7510452404329735
270,0.2951720584137269,0.716291358185129,0.21321647309309782,-0.7529776424019836
271,0.29531231706718325,0.7180568969989577,0.21379551287589227,-0.7549170832502541
272,0.2954529472913071,0.7198291204416094,0.2143764976565227,-0.7568635629777848
273,0.29559394908609843,0.7216080285130841,0.2149594274349892,-0.758817081584576
274,0.29573532245155715,0.7233936212133818,0.21554430221129173,-0.7607776390706276
275,0.2958770673876834,0.7251858985425026,0.21613112198543033,-0.7627452354359394
276,0.296019183894477,0.7269848605004465,0.21671988675740494,-0.7647198706805116
277,0.2961616719719381,0.7287905070872134,0.21731059652721557,-0.7667015448043442
278,0.2963045316200667,0.7306028383028031,0.2179032512948623,-0.768690257807437
279,0.2964477628388627,0.7324218541472161,0.21849785106034503,-0.7706860096897904
280,0.29659136562832616,0.7342475546204521,0.21909439582366386,-0.7726888004514041
281,0.2967353399884571,0.7360799397225111,0.21969288558481867,-0.774698630092278
282,0.29687968591925545,0.7379190094533931,0.22029332034380955,-0.7767154986124125
283,0.2970244034207213,0.7397647638130982,0.22089570010063647,-0.7787394060118071
284,0.29716949249285457,0.7416172028016261,0.22150002485529946,-0.7807703522904623
285,0.29731495313565526,0.7434763264189773,0.22210629460779846,-0.7828083374483777
286,0.29746078534912346,0.7453421346651514,0.22271450935813347,-0.7848533614855535
287,0.2976069891332591,0.7472146275401486,0.2233246691063046,-0.7869054244019897
288,0.2977535644880622,0.7490938050439688,0.2239367738523117,-0.7889645261976863
289,0.29790051141353274,0.750979667176612,0.2245508235961549,-0.7910306668726431
290,0.2980478299096707,0.7528722139380783,0.2251668183378341,-0.7931038464268604
291,0.29819551997647614,0.7547714453283676,0.22578475807734938,-0.7951840648603379
292,0.2983435816139491,0.75667736134748,0.22640464281470069,-0.7972713221730758
293,0.2984920148220894,0.7585899619954153,0.22702647254988806,-0.7993656183650741
294,0.2986408196008972,0.7605092472721737,0.22765024728291144,-0.8014669534363328
295,0.2987899959503725,0.7624352171777552,0.2282759670137709,-0.8035753273868519
296,0.2989395438705152,0.7643678717121597,0.22890363174246636,-0.8056907402166312
297,0.29908946336132536,0.7663072108753872,0.22953324146899787,-0.807813191925671
298,0.29923975442280293,0.7682532346674378,0.23016479619336544,-0.8099426825139711
299,0.299390417054948,0.7702059430883113,0.23079829591556905,-0.8120792119815315
300,0.29954145125776055,0.7721653361380079,0.2314337406356087,-0.8142227803283524
301,0.2996928570312405,0.7741314138165275,0.2320711303534844,-0.8163733875544336
302,0.29984463437538794,0.7761041761238702,0.23271046506919613,-0.8185310336597751
303,0.2999967832902028,0.7780836230600359,0.2333517447827439,-0.820695718644377
304,0.30014930377568516,0.7800697546250246,0.23399496949412774,-0.8228674425082392
305,0.30030219583183493,0.7820625708188363,0.2346401392033476,-0.8250462052513619
306,0.30045545945865215,0.7840620716414711,0.2352872539104035,-0.8272320068737447
307,0.30060909465613683,0.7860682570929289,0.23593631361529546,-0.829424847375388
308,0.30076310142428897,0.7880811271732098,0.23658731831802343,-0.8316247267562917
309,0.30091747976310856,0.7901006818823136,0.2372402680185875,-0.8338316450164558
310,0.3010722296725956,0.7921269212202406,0.23789516271698757,-0.8360456021558802
311,0.3012273511527501,0.7941598451869906,0.23855200241322372,-0.838266598174565
312,0.3013828442035721,0.7961994537825636,0.23921078710729587,-0.84049463307251
313,0.3015387088250615,0.7982457470069596,0.23987151679920407,-0.8427297068497155
314,0.30169494501721833,0.8002987248601787,0.24053419148894833,-0.8449718195061813
315,0.30185155278004266,0.8023583873422206,0.24119881117652864,-0.8472209710419074
316,0.3020085321135344,0.8044247344530858,0.24186537586194495,-0.849477161456894
317,0.30216588301769365,0.8064977661927739,0.24253388554519734,-0.8517403907511409
318,0.3023236054925203,0.8085774825612851,0.24320434022628576,-0.8540106589246481
319,0.3024816995380144,0.8106638835586194,0.24387673990521022,-0.8562879659774159
320,0.302640165154176,0.8127569691847767,0.24455108458197072,-0.8585723119094437
321,0.30279900234100504,0.814856739439757,0.24522737425656727,-0.860863696720732
322,0.3029582110985015,0.8169631943235602,0.24590560892899987,-0.8631621204112807
323,0.30311779142666545,0.8190763338361866,0.24658578859926852,-0.8654675829810897
324,0.30327774332549684,0.8211961579776359,0.2472679132673732,-0.8677800844301591
325,0.30343806679499563,0.8233226667479083,0.24795198293331394,-0.8700996247584889
326,0.30359876183516193,0.8254558601470038,0.24863799759709068,-0.8724262039660791
