,R0_35c01,R1_35c01,C1_35c01,R2_35c01,C2_35c01,R3_35c01,Wo1_0_35c01,Wo1_1_35c01,C3_35c01
0,0.2960818110911265,0.18400593741983626,0.0009615147943258488,0.18400593741983626,0.023015712137759888,0.10280281496172135,1.5289933879787618,157.73305389568674,0.005614983803593636
1,0.30176703004210853,0.19114366677415273,0.000929292602820239,0.19114366677415273,0.02221850531978738,0.10512551124411615,1.5743250950891678,160.43919963107777,0.005251453583585831
2,0.30416506413836514,0.19094160466547686,0.0009239604874023864,0.19094160466547686,0.022654933964579863,0.10634552566173747,1.519418370590959,147.68614904154205,0.005456523784747407
3,0.3097257838532431,0.0004214062229502745,0.0011445034107993243,0.0004214062229502745,2.5760673714171873,0.2368823910376244,1.6533444759334301,173.0932820035384,0.01365275094898618
4,0.3085310566738761,0.24131959316193596,84.8835519932081,0.24131959316193596,0.015775033303285915,0.15263600739984926,2.336040157253911,523.0360980180053,0.0011696107464652754
5,0.306498278098472,1.0058817414503231e-08,0.0011189845832329758,1.0058817414503231e-08,0.00020870524091190048,0.2404825705518385,1.5683915941595905,151.59934653392898,0.013573924588798728
6,0.2979798682465215,0.19392670211527618,0.0009040172579434338,0.19392670211527618,0.022873203069441635,0.11020566343580673,1.581498863384364,157.90131858585107,0.0053397755559246056
7,0.297933645348968,0.19320255652917542,0.0009146035572968322,0.19320255652917542,0.023257543253844177,0.10916342191290115,1.5824130875054598,157.91978303281283,0.005602337314043547
8,0.29580736801149443,0.19646878667270415,0.0009040340504250422,0.19646878667270415,0.022548565140972993,0.10671106477463684,1.5824975083700343,157.67482424055052,0.005422078291386948
9,0.294857206792235,0.1946174680927188,0.0008941986202102335,0.1946174680927188,0.02303256646773869,0.10877352596174145,1.5461318608850831,150.4961325471502,0.005464032918637285
10,0.3037763067242378,0.24308309720246574,88.67446007166377,0.24308309720246574,0.016028520415592374,0.1516443841947962,2.2080021740349265,452.3215570958835,0.0011822022469024107
11,0.2942388910321555,0.19880131290721717,0.0008973225557420648,0.19880131290721717,0.022465536419291304,0.10705151577744511,1.5917591375249442,158.0884006827829,0.005435983442342617
12,0.2946531054563485,0.20092294800046417,0.0008926212447703882,0.20092294800046417,0.022428817412095355,0.10791840780069421,1.6127561971574362,159.66229791012614,0.005380203812029548
13,0.29285392116124564,0.1997926146342739,0.0008772485067306661,0.1997926146342739,0.0228790524537199,0.10928958545649753,1.5439064117564991,147.19780797219394,0.005366381708513806
14,0.30206368401216904,0.24547987837629984,84.19431458322484,0.24547987837629984,0.016070741988821115,0.1504355632820361,2.339026594059759,512.1325211682245,0.001193567594817437
15,0.2922802868458975,0.199144041589279,0.0009111522965064562,0.199144041589279,0.022810547864784418,0.10693047781635483,1.5896682762074703,156.44554038518396,0.005434890400497859
16,0.30000964173938377,3.7430192618808454e-11,0.0011525970483736896,3.7430192618808454e-11,0.0016295883339316577,0.24575491300734403,1.552540774091108,145.56375765019445,0.014043117203090963
17,0.3011732803095246,0.24971127059235204,90.37046834511918,0.24971127059235204,0.016265231805945843,0.15328588055170742,0.9590806864251923,81.10438742501164,0.001188921856735113
18,0.3007840747136255,0.25080261763111705,89.34059252391299,0.25080261763111705,0.01618262630608817,0.15299728296555234,2.0971503210083187,388.60940238892175,0.0011849408139106615
19,0.291011891034383,0.20563644082339477,0.0009022270147716903,0.20563644082339477,0.022370953509446158,0.10669664267598106,1.5692022614603613,146.80716874607901,0.005273719226308228
20,0.29991031342190216,0.25094591864895843,82.35412757934117,0.25094591864895843,0.016280291341872172,0.15138875659173523,3.52615059411474,1159.6104016693955,0.001196607817307353
21,0.29905770255264263,0.2506597406052634,78.17658711542617,0.2506597406052634,0.016327016639200446,0.1527982836734805,2.431306908901025,549.7093335268019,0.0011909555654994834
22,0.30013421065617896,0.25263427834218444,82.49693918553244,0.25263427834218444,0.016501374937516772,0.1534902933983498,2.2508833828318253,465.9637933758198,0.0012241854252946754
23,0.2903996202795101,0.20774474397110734,0.005958204607314798,0.20774474397110734,0.023191243738619374,0.0925339690524009,1.5688120238384726,145.44899801385515,0.0008872328349923642
24,0.28971961562659837,0.2098520750877066,0.006021325137212902,0.2098520750877066,0.022924331982730126,0.09291308739197562,1.5619213137705754,145.7398628812105,0.0008843623555749807
25,0.2898373910178835,0.20556049147764424,0.0009014640115833703,0.20556049147764424,0.02325716351712174,0.10765408916947623,1.5986106323202345,154.34915141687506,0.005631364528984799
26,0.2897887698274035,0.20534723969499305,0.0009076946143640218,0.20534723969499305,0.023073173860750033,0.1059513422129429,1.6388361060983712,159.70199367868378,0.005778950183035403
27,0.2894679718971817,0.20927562325159293,0.005979935058612414,0.20927562325159293,0.02307466645529925,0.09154634807319958,1.6450503933685738,159.31613010454438,0.0008824448726964751
28,0.28996877530077964,0.21099597449583396,0.006293716679915934,0.21099597449583396,0.023095121747082992,0.09484061308860119,1.6272624101518145,157.2146007152914,0.0008854792724904735
29,0.29028288474026315,0.2144638108825141,0.00591944050306559,0.2144638108825141,0.022761085681186448,0.09110164792721513,1.578922731272067,148.4623538299402,0.0008906407377349963
30,0.29054762615334107,0.212281413203984,0.006197116022080297,0.212281413203984,0.023343965826363455,0.09304719425114637,1.6164121127043745,154.291625953404,0.0008837691836804455
31,0.29846636295991535,0.0008360225570247486,0.0011767945743569766,0.0008360225570247486,1.4416255157868245,0.2557904950883004,1.6740164308275893,165.39301085362573,0.014461945912056781
32,0.2895509353308507,0.10290125038599904,0.0008836249675326803,0.10290125038599904,0.0053705225201336635,0.22404207013635724,1.5973754382725587,154.1758276930415,0.01962138757433533
33,0.3001755424371854,0.15178766865542728,78.93984869257338,0.15178766865542728,0.0012272056096712049,0.26530394215377956,1.9837808522438176,359.2265864487631,0.015536557639704398
34,0.29031988080578736,0.21682800112196995,0.0060319933726980055,0.21682800112196995,0.023052591994626382,0.09176192005618276,1.6650991756932068,159.1569284780058,0.0008910865398494595
35,0.29076114789559143,0.2164430648313812,0.006133525461063205,0.2164430648313812,0.023413008291391108,0.09234936955118593,1.6409211400096686,156.5324347734859,0.0008837340387738542
36,0.29088937791200853,0.21762981634768952,0.006140754664915027,0.21762981634768952,0.02318787285593123,0.09151127375983346,1.6606023635366132,158.1107050931523,0.0008866942551222205
37,0.29122906251194003,0.21707428936326217,0.006292146463921247,0.21707428936326217,0.023600531749419087,0.09230974137111936,1.59922590144098,149.05407126210977,0.0008907333546961995
38,0.2903199430221929,0.21926803189853708,0.006146913503733798,0.21926803189853708,0.022977643676036386,0.09217432102196231,1.6945937291645692,159.46120741154652,0.0008755474555538223
39,0.29115871570945484,0.21951419663160027,0.006121738337957578,0.21951419663160027,0.0233651355965464,0.09179089440163721,1.643244396676611,155.6438847275146,0.0008795080555618661
40,0.291116141542764,0.22086563938949857,0.0060819175175962316,0.22086563938949857,0.023269725906849583,0.09137214555266826,1.671820497260673,158.87841630504897,0.0008795653935215729
41,0.29073274272033095,0.21966931220993288,0.006004640009178572,0.21966931220993288,0.023251111817341397,0.09051475206367286,1.6633185293165902,158.49833035871282,0.0008752382698781035
42,0.2913694988664363,0.22003877653284504,0.006271719578792278,0.22003877653284504,0.02344514294870658,0.09146455426711461,1.6238322321670104,152.2954702405685,0.000877432076690489
43,0.29126510524955984,0.2216224787174993,0.006175701540841327,0.2216224787174993,0.02326843218639939,0.09090188955585979,1.6221213655455122,151.60652528956868,0.0008794475874078139
44,0.2918517157029787,0.22273742726689902,0.006200961462543079,0.22273742726689902,0.02327510145796831,0.09172011582194034,1.653393064688778,150.48099235084993,0.0008710855534747234
45,0.30272135622381297,0.2696281184566187,81.19617906072675,0.2696281184566187,0.017194713255822558,0.15340417772318668,2.058102163794011,361.8346905643478,0.0012582927979660151
46,0.2928061827262697,0.22527605682024962,0.00617058250240481,0.22527605682024962,0.023437446993294975,0.09137498441357664,1.6438495475578105,153.85177219582806,0.000879819363011049
47,0.3027623126335536,0.152093295304402,70.4676426369798,0.152093295304402,0.001270770429799587,0.2736075356390374,2.0379944034408846,395.5726101608728,0.01627121640970393
48,0.3027325605674594,0.27057847350062714,73.57945921606293,0.27057847350062714,0.017447291966600505,0.15320105131693534,1.0933794712183644,107.81924665317239,0.0012653171437313996
49,0.3024595088500713,0.27126419363808313,74.79581240885038,0.27126419363808313,0.017413668249714617,0.153377147674567,1.0171688659644353,93.12490294935586,0.001243859221320494
50,0.30159593613641483,3.964354550094769e-05,0.0012025112784381123,3.964354550094769e-05,441.31237875889036,0.2701745167279776,1.7232738496743818,160.9745590633501,0.014968025595575167
51,0.3017703088199589,6.42442551107632e-08,0.001200789491233204,6.42442551107632e-08,2.4416863077399005e-06,0.27196662164923796,1.6256798325298984,148.83495852876996,0.0150387282569588
52,0.3036109221622197,0.27708757052491007,72.98522849734485,0.27708757052491007,0.017357497113493273,0.1540437580906848,1.0349104425429538,96.06473276983537,0.001255988103606436
53,0.2924444499125616,0.10338353108546994,0.0008772579553672776,0.10338353108546994,0.005458282272756008,0.24026025720826785,1.5971877040497091,145.97626053804626,0.020072837885640255
54,0.30355585730240814,0.27446359093081585,76.23754468787268,0.27446359093081585,0.0177018810475422,0.15403588797899076,0.9038449505988911,71.19902257015244,0.0012692540431772728
55,0.30346170421297247,0.27672032678714154,72.97943715172049,0.27672032678714154,0.017463709134307302,0.15301835378399728,1.037573878017843,95.9506656211433,0.0012592189829081506
56,0.29323523599423434,0.23240383634566783,0.006109027455432835,0.23240383634566783,0.023812709869143033,0.09137746460750375,1.6454151065195295,150.26765314925598,0.0008722155956833146
57,0.3055710846083977,0.15371125759752097,69.39309733454455,0.15371125759752097,0.0013013245600315526,0.282897285651044,0.8544923089410513,66.56102910213112,0.016686509090970088
58,0.2928656938602999,0.23489736357875013,0.006107165175047584,0.23489736357875013,0.023569849481523027,0.09150988559448749,1.629975817880182,147.12142522899373,0.000849087452428672
59,0.305041779534571,0.2781942749957478,71.73136529582264,0.2781942749957478,0.01796723874629915,0.15414172020950567,1.0066199762416461,90.32082181397283,0.0012942612639280035
60,0.30484939915642073,0.15261919849328373,68.40097143337228,0.15261919849328373,0.0012795453333052345,0.28326934432309886,0.860942022681474,67.12223599401156,0.016752946299024737
61,0.2947657034114149,0.23301286810279648,0.006529573068834955,0.23301286810279648,0.024130136765521677,0.09253427999325144,1.7095789606689027,153.72154969092384,0.0008681432177676774
62,0.3046321051064108,0.14860242109677585,113.60578533266562,0.14860242109677585,0.0012422962812591897,0.27848692707087286,2.3027874054959407,287.7746087932523,0.015445784396635324
63,0.2954694683045581,0.23756530863553849,0.006129320482180534,0.23756530863553849,0.023666654710147842,0.08970527545108778,1.7484309323229619,161.4436098144149,0.0008682544767089834
64,0.29488064831655464,0.23580266943514147,0.006440441974079853,0.23580266943514147,0.02401947302514842,0.09107032017689337,1.6502166929756479,145.2174400819471,0.0008771040547405103
65,0.30388299739011837,0.0002722976704751242,0.001233240663574062,0.0002722976704751242,4.9857933033060196,0.2792894628673321,1.5747217959501538,136.29664386722112,0.015538269370906075
66,0.30480560386850286,8.856030875740366e-23,0.0012278350748734308,8.856030875740366e-23,0.12446759881465734,0.2795998366945406,1.6927172100871832,156.0995701054795,0.015536372101933241
67,0.29643801745981674,0.23784979797491546,0.006609152528956401,0.23784979797491546,0.02442269807569302,0.09284299534034487,1.6707891851671588,151.31398481832701,0.000874973344207363
68,0.3075088556417711,0.2857886010484212,75.40423526205696,0.2857886010484212,0.018236139041166898,0.15474377537856682,3.407263567161275,971.2980151962769,0.0013029978605553015
69,0.30726714308386843,0.2863010386996617,74.26109290705129,0.2863010386996617,0.018295254702834527,0.15519956520618802,3.4499252107544534,1010.7092406347177,0.0012981787919068906
70,0.29545345040703075,0.24336483119899172,0.006017193906029509,0.24336483119899172,0.02394733456633297,0.08918653516009542,1.6560209780914792,147.66924541748142,0.00083058374478516
71,0.30546498707358344,8.513315854749727e-17,0.0012315195174098187,8.513315854749727e-17,0.030280171967131963,0.28470281795178576,1.6630908060117509,149.392148398598,0.015710930678127132
72,0.29576583469306084,0.2419812481891174,0.006305501189105086,0.2419812481891174,0.024434032502349448,0.09043533391477163,1.681070580994933,151.81572392940043,0.0008515890050275201
73,0.2961094152413247,0.24327503562242228,0.0062955442525523125,0.24327503562242228,0.02419683962771319,0.09040750891865476,1.7228630268806584,151.67034184260288,0.0008473246670226568
74,0.29679873766789777,0.24627869610128805,0.0064536516756935145,0.24627869610128805,0.02398629516693356,0.09207864338771846,1.686246728709611,151.65030042503884,0.0008655243818287147
75,0.30834709003100663,0.2910931275363194,63.60624204865913,0.2910931275363194,0.018582013542703817,0.1558031516900369,2.463864103014085,539.3974456417218,0.0013091223579954068
76,0.2967903884810644,0.24594507672795077,0.006203598837344073,0.24594507672795077,0.024193791498764248,0.0888755220713698,1.7426963238366755,158.77051208094855,0.0008568541064357568
77,0.29689015987631634,0.2462596594291857,0.006253944385128142,0.2462596594291857,0.024059826868218503,0.0891558902825555,1.773962063979406,160.94690303499468,0.0008502243235620428
78,0.2973545993479411,0.24870644623842725,0.006305366257608914,0.24870644623842725,0.02378981291893403,0.09065474281757938,1.6940127658494848,146.60079355547654,0.0008537677680133621
79,0.29779180615153167,0.2488812130735721,0.0063192775523748706,0.2488812130735721,0.024270982154823505,0.09038806601596422,1.6863731050557222,145.47982222540261,0.0008602205836798346
80,0.30961197784229716,0.29473743020142545,61.89884084347185,0.29473743020142545,0.018792352343426345,0.156121355645552,3.934089597890603,1345.2748557008808,0.0013186703789527536
81,0.29714224408210693,0.24832204213468867,0.00635449722275815,0.24832204213468867,0.02449181369771288,0.09120446470494084,1.6516944860805767,143.9070405530958,0.0008604181165535173
82,0.30917381063494764,0.29295336057082066,64.13869808530966,0.29295336057082066,0.018919352259113904,0.15544034931591771,2.380303277963076,501.4138262630103,0.001327833299066114
83,0.3094519042033875,0.2638130007691787,0.0013494979409474934,0.2638130007691787,62.755167994484076,0.29865450187388265,2.0406018895044014,385.77171149222113,0.01761789540297644
84,0.29780565318969765,0.10523627437406104,0.0008552661972681662,0.10523627437406104,0.005625482754250907,0.2599103698155616,1.7419414951873848,154.56198661786462,0.020884523297082885
85,0.2979737565270079,0.25264295988472796,0.006311443731470481,0.25264295988472796,0.024427102156589484,0.09050612104129524,1.7493213154062732,157.7659927864295,0.0008483676911549368
86,0.2980342932252899,0.2534386144504965,0.006387440554184623,0.2534386144504965,0.024218958537560432,0.09116087313583572,1.74727635261579,151.39891434719306,0.0008455787342356569
87,0.310209935220056,0.2962105154106027,68.05336459523055,0.2962105154106027,0.019065632054305916,0.15542851661020088,0.9451872388791509,76.30671801216745,0.0013202598550982783
88,0.31053555005473715,0.15482645807580755,56.89896123983482,0.15482645807580755,0.001351770922852517,0.30086002295908487,1.1886036809592546,132.27376495641138,0.01798179874086784
89,0.3101293632019116,0.3064176980586112,0.001320216509866203,0.3064176980586112,61.38977691508727,0.30162205053372093,0.8713497456935833,69.87946949741837,0.01782705842322291
90,0.2986212896418033,0.2526749221557257,0.0065057499855194585,0.2526749221557257,0.025061249240958313,0.09181342522782882,1.657555797684487,141.08933852498447,0.0008551634997564032
91,0.31079139951135276,0.31149201697152307,0.0013278619791599808,0.31149201697152307,61.3425721673378,0.30490571429127844,0.8754709600298588,69.74855483280336,0.017938255614820944
92,0.2995115735435024,0.25643496788764153,0.006523101064405007,0.25643496788764153,0.02463672413760101,0.09100122378564109,1.763082741394136,157.28016154226998,0.0008590368074123779
93,0.2991437827701726,0.2550390640711731,0.006646574603146278,0.2550390640711731,0.024867808621499513,0.09157722561004057,1.6680958246021074,143.55475090923287,0.0008653531152673415
94,0.29897443318869693,0.25572006120535534,0.006497768090533973,0.25572006120535534,0.024598127120230063,0.09063987901917143,1.7647354877694903,152.5083593506044,0.0008471073751663301
95,0.31082180845954116,0.3007216992935708,0.0013237528789415225,0.3007216992935708,62.00334128356183,0.30603553637446745,0.9033723298494747,73.37467846532304,0.01793863707426645
96,0.3001697157645736,0.2576314896727314,0.006529268457822396,0.2576314896727314,0.025175916333002757,0.09097032396095316,1.6908380299386014,146.2139867759603,0.000846722465027579
97,0.2999336256193307,0.2579643888617996,0.006754984861524104,0.2579643888617996,0.02538808720373105,0.0930653400262226,1.6860540093561842,141.54552249767698,0.0008374517709222616
98,0.31237475290179995,0.29397499109460257,0.00135372961870176,0.29397499109460257,62.449554840086655,0.3100518398744529,2.0069885293052954,357.2414088176295,0.018216652258689337
99,0.29976464972694816,0.10801572418860293,0.024877615585585714,0.10801572418860293,0.006409305532287745,0.09011152391271335,1.7670395616118664,151.84307971662906,0.0008557725001373164
100,0.3003275885263091,0.2582006763602704,0.00666519513930813,0.2582006763602704,0.025351332350150798,0.09082646665344085,1.744309053894931,154.0737310094875,0.0008538133733846597
101,0.31245484973681,0.3062424671459898,59.56759745489509,0.3062424671459898,0.019485072804421202,0.1553192492444156,1.2730424215161273,137.97600789274424,0.0013485482254639778
102,0.299668121676891,0.11069856184225495,0.025086530069954305,0.11069856184225495,0.006322921811500903,0.0903717953969923,1.7156214242275347,148.5659538507,0.0008171157606562786
103,0.3127169560364505,0.34496825431401573,0.001361774309947769,0.34496825431401573,62.31213886997782,0.3145424432174042,1.9908305805401312,343.84430734093627,0.018229748750012233
104,0.3130264185139047,0.30949916010730727,66.1578323781866,0.30949916010730727,0.019715929519915187,0.15787036407561664,2.1349303060480045,378.62399511926276,0.0013529296399544986
105,0.3667969101614949,498.88612562835397,412.1894036451053,498.88612562835397,403.0313315823172,0.3890044188546899,3.0454537844184255,489.2310927143944,0.008220868855451332
106,0.3129487728762861,0.3074673387180564,66.71140953473899,0.3074673387180564,0.019748900097469355,0.15675509574029353,2.086431758242986,347.44813775081775,0.001376746448276084
107,0.3006112472654504,0.26346361239484456,0.006705483799993745,0.26346361239484456,0.025399436942576153,0.09092565826882879,1.7082292908860177,147.30484449730534,0.0008596751192017012
108,0.3129092245440141,0.27001436315131755,0.00135669383314525,0.27001436315131755,55.250450812874945,0.3171598329439013,1.0979667214737798,111.31424789689125,0.018477908537064176
109,0.312054430993541,4.476753432706628e-05,0.0013089027661050954,4.476753432706628e-05,416.5164640557003,0.30688937533099236,1.7630699476861103,153.49784918341987,0.01706029509461353
110,0.3131996508767391,0.15708457450479693,53.86730957889714,0.15708457450479693,0.001357105356814114,0.3190372407818803,3.6797299486870285,1256.7591350596126,0.01851470548448659
111,0.3136657331425927,0.3144450995154784,62.686324230702546,0.3144450995154784,0.019865448110904575,0.1582837166065503,0.9486014987082241,71.7673726513151,0.0013702133577309867
112,0.3141563386754396,0.3148929127435879,64.7390910485533,0.3148929127435879,0.01988472440962634,0.15758986042872938,0.9143107047414493,68.07667950382825,0.0013754362999700263
113,0.30075420089754046,0.09135240867237196,0.025496038396930466,0.09135240867237196,0.0008269157983050541,0.11378279467471752,1.7490685149767473,150.79297461969176,0.006151968982236011
114,0.30073434332693233,0.1101090262030659,0.025456665603689074,0.1101090262030659,0.006686819348880229,0.09267837668079726,1.8010367057168444,156.60917018279503,0.000835670591408524
115,0.3012077588988828,0.2720986092393118,0.006546383602677435,0.2720986092393118,0.025146176955635213,0.09120056308606815,1.827527451783209,155.18814656686808,0.0008373695502335234
116,0.3139839830285342,0.2990734820291076,0.0013496656445971692,0.2990734820291076,60.3667669471089,0.3236374497100971,2.0216511841577174,352.1864700406812,0.018578805553821232
117,0.30082922683278224,0.2734288626968948,0.006510301068597393,0.2734288626968948,0.025443518779316127,0.09195274191382946,1.745153978967077,148.5124384628589,0.0008215046777856476
118,0.31420296212412135,0.31763538410283915,62.61836890478386,0.31763538410283915,0.020193225070093558,0.15840297537578532,3.512763696856521,1021.9420332758044,0.0013804068659995065
119,0.3016721622796239,0.2727593212382099,0.006643056502478681,0.2727593212382099,0.025598068826233746,0.09150655776601163,1.8028980326292687,156.39638633146708,0.0008373869952445375
120,0.3018516113676135,0.27488846700818503,0.006577198597957803,0.27488846700818503,0.02559509706795825,0.09133043650606176,1.7510667912756672,148.82703184220583,0.0008302575174787566
121,0.3147318423189449,0.15814404426924858,56.60839807218795,0.15814404426924858,0.001372416475456923,0.32641020382674796,0.8667540157484329,63.65518874250879,0.018839796379476508
122,0.37096707924811817,0.33938543590784265,303.6760615999829,0.33938543590784265,303.02660888686313,0.40409711541442717,1.6400859021323793,136.70152474727925,0.008710547090226796
123,0.3006956718554778,0.2727590601313084,0.006916210291365015,0.2727590601313084,0.025962618071791375,0.09307444339288033,1.7097729080139448,142.42853436986934,0.0008327255453775397
124,0.30124038429265554,0.2737587047798001,0.006789971442563596,0.2737587047798001,0.025726465450572916,0.09148278631750445,1.6999608842226672,138.93623995424772,0.0008373069229099462
125,0.3007233894230305,0.27413398462916433,0.006826574121886728,0.27413398462916433,0.025721004615495674,0.09212403483765175,1.7150703053765772,139.60396734768537,0.0008307519953942278
126,0.31503087476732616,0.1576577936142189,52.9353993235719,0.1576577936142189,0.0013735062833280195,0.32911804887602697,3.5266361311868817,1140.1673794429043,0.01902505220451648
127,0.30209791682160025,0.2777294307637915,0.006771621524467224,0.2777294307637915,0.025950059281643255,0.09235803192647288,1.7203467216352806,142.19934014243353,0.0008358826238830437
128,0.3148428952464528,0.15873390075033897,59.97068618460274,0.15873390075033897,0.001381181323883299,0.3287399223258672,3.375281410200634,956.6430708427093,0.019120954818262738
129,0.31503970700277373,0.3225629645734123,63.79927736230022,0.3225629645734123,0.020364220782585252,0.15661394789483168,2.113629083124816,358.5024064430935,0.0013860523185628222
130,0.31450093897307785,0.2932291707581169,0.0013936475514114734,0.2932291707581169,57.42231344581475,0.3278410204039675,2.0202258798520205,356.999660712421,0.0191179347489133
131,0.3144113328000164,0.2777868789407876,0.0013770962261466422,0.2777868789407876,55.087242241195185,0.32959122740663155,2.083647422854191,387.6053095576574,0.019041522127022977
132,0.3160869329547674,0.282451188606529,0.0014023015645480102,0.282451188606529,55.013591114922306,0.33177896130828294,2.0660777289988848,378.9781869275721,0.019211025494541217
133,0.3018487298887682,0.2814339326229129,0.00659847294416639,0.2814339326229129,0.025871923770546194,0.09118610918880633,1.8252529635319594,150.2856337531948,0.000813039478159372
134,0.30279934417122883,0.2820892641086972,0.0068806339507226375,0.2820892641086972,0.026180884438044047,0.09293994461664391,1.7255905823611255,139.66056292960948,0.0008325801916259531
135,0.30168028934165203,0.2801204177170507,0.006918707392244166,0.2801204177170507,0.02623344365835705,0.09208164668243271,1.7574368921715808,147.13296917891316,0.000819794715716637
136,0.30142536011593585,0.2804137168213265,0.006816107698358126,0.2804137168213265,0.025697035118910208,0.09122674612735986,1.8311689190727565,156.74517173781783,0.0008289311961365761
137,0.3149623474415584,0.32604120464769987,62.290453994453514,0.32604120464769987,0.020673404376268554,0.15731586282250495,2.0940289586569283,336.3450143125518,0.0014080805327220864
138,0.31580617332806826,0.1577888137969232,54.27728020205467,0.1577888137969232,0.001392661666328212,0.33603784681882914,0.8942872258745669,70.47264071649782,0.01942881215195194
139,0.3025718940242306,0.2846231729790519,0.00692161955196754,0.2846231729790519,0.026212060034467223,0.09314084959212304,1.7283355062267978,138.2767754932661,0.0008391697126232838
140,0.3023729866311419,0.2849502449034767,0.006780240020453996,0.2849502449034767,0.02599447820172789,0.09228513136325203,1.8513700397086335,151.99372023862938,0.0008154924276708393
141,0.31566737758123736,0.35113557534343764,0.0014056425125956772,0.35113557534343764,58.215498160802014,0.3343570021859576,2.0151303529567577,338.9626796438297,0.01940200929375949
142,0.3155467270078421,0.32999357975305765,52.76386477777621,0.32999357975305765,0.020896463049568454,0.15773244406186263,2.6037838140998963,574.6895868766292,0.0014070132862462586
143,0.3160656205716745,0.3304677070561972,53.03217712730464,0.3304677070561972,0.0208789858182095,0.15739478407036359,2.647410762342482,583.1467893792906,0.0014277280554935703
144,0.3164405866693077,0.3091852563499257,0.0014120875712652213,0.3091852563499257,53.794740294441795,0.33845793223861503,0.9320872468278867,76.03433030388435,0.019644774382131646
145,0.3167083642550223,0.3629189402626419,0.0014242522147634514,0.3629189402626419,58.11378083867048,0.3377583435187461,2.0391895445409634,341.1255775044104,0.01966882460973244
146,0.30292299666501077,0.28751894517076404,0.006776267065470102,0.28751894517076404,0.026413481195219093,0.09074826930166671,1.8509269515361872,156.66182800694222,0.0008246420971817548
147,0.3166015392610283,0.33100872877804055,62.140592314157445,0.33100872877804055,0.021061366545524367,0.15742943370335752,2.1352107403599923,347.57710995761545,0.0014306343113955223
148,0.3166586367495452,0.3317014768592005,59.47147496261976,0.3317014768592005,0.021055159082752177,0.1571420580737356,0.9306241624597504,66.45892564850163,0.001435523589719397
149,0.31681140352982995,0.33207106979563716,60.72578771205589,0.33207106979563716,0.021076981696498305,0.1562860072591868,0.9160150455831,65.01272990733895,0.0014226178610743814
150,0.3174212724355639,0.2925695091368946,0.0014205457378726495,0.2925695091368946,54.22540376606905,0.34087111206079385,2.086893150013398,376.09135020573905,0.019742923362015094
151,0.31820615591637447,0.15796511908892485,56.131451812459154,0.15796511908892485,0.0014470980364674597,0.34037280756358457,2.018150297363997,341.8816772331243,0.019936858961532255
152,0.317538610705869,0.3207642501211866,0.001422975268969826,0.3207642501211866,49.68088992244748,0.3436077105027833,1.280401690535931,141.62223161121167,0.019962260904975312
153,0.3180262569589931,0.3380068895510458,60.486555929208535,0.3380068895510458,0.021288910165294876,0.1586078247227729,2.191390874532387,374.8446774489536,0.0014176869360039697
154,0.3038216190799739,0.2882905106517301,0.007075092197302894,0.2882905106517301,0.026636669216685803,0.09131557569195055,1.860298011219367,156.98946819577927,0.000834379646741423
155,0.31801342736686067,0.33735347320850806,54.215863901264065,0.33735347320850806,0.02130436725057027,0.15761681804853372,2.412450418862804,481.6672482441194,0.0014338179215705863
156,0.30430805755566576,0.29374919421305523,0.006903381188600645,0.29374919421305523,0.026516425905901673,0.09155265424396404,1.7795138845769438,144.44128063407967,0.0008114104810538996
157,0.31886918533835235,0.33939119520826505,61.732553837065545,0.33939119520826505,0.0213855667259292,0.1586174310558045,2.1704104704426244,345.32937389488205,0.00143255119349542
158,0.3183995413926047,0.3192626750672995,0.0014182299445766084,0.3192626750672995,52.8730498199508,0.34710506181644285,0.9351317769091724,74.48423257342252,0.020193929410092255
159,0.31926414915242796,0.3424322679734723,58.47128365451849,0.3424322679734723,0.021461596169646137,0.1597893417261482,0.9808940547022038,74.9709759621593,0.0014434215075334001
160,0.31889726729725115,0.34216139749046537,55.04619400751863,0.34216139749046537,0.02164587265607496,0.1596887354807915,1.1321383239920175,102.5276153047802,0.001438769312347641
161,0.30501805173527596,0.29603092559509625,0.006970736429538191,0.29603092559509625,0.026976688546969864,0.0919575464256147,1.764582438106337,138.39192664116788,0.0008075428168084337
162,0.3778103066451132,0.0001425407161679477,152.07751246520027,0.0001425407161679477,6.346810407614992,0.42440084759922775,1.6676418966035753,134.93870407307264,0.009881430325582722
163,0.3047023439934373,0.298346671026231,0.00696849145461429,0.298346671026231,0.02707991358173486,0.09320493616642941,1.7895963772438264,143.25369085529172,0.0008088886323742258
164,0.3198693559853368,0.3463352216280686,55.59720563806922,0.3463352216280686,0.021830665035202014,0.16140874545693995,2.3036512207972835,421.0873855541083,0.0014422217010587976
165,0.3046643484922349,0.29788056112946726,0.006900569507784331,0.29788056112946726,0.026744057788960524,0.09205280797021267,1.8784841797112453,156.1367231801107,0.0008180774108534471
166,0.3186930168923529,0.34367483635223955,59.9813182695842,0.34367483635223955,0.021679102645026267,0.15885505008455536,2.1866281744436007,364.5448303527323,0.0014199370830293519
167,0.3194511120114033,0.34389176242271785,55.5707404747923,0.34389176242271785,0.021789335078329475,0.15870515781235078,1.5463257178700425,177.8925711181147,0.0014454066345883628
168,0.32043889153572247,0.3461996641489341,57.715390468191316,0.3461996641489341,0.021922508468159418,0.16012576395581749,0.9819846013854054,74.15466408444533,0.0014474594838935332
169,0.3053516128143802,0.30218751693599594,0.00692695170167054,0.30218751693599594,0.027016352596531065,0.09235009972425128,1.8228633167992276,147.2820569421783,0.0008092443060156172
170,0.3208588026849047,0.3494654364364676,51.35214928973325,0.3494654364364676,0.02198492318734431,0.16106291312619464,2.572521221209975,533.5685178522114,0.001472883315311764
171,0.3204424969272608,0.34747723903594974,50.84056381186131,0.34747723903594974,0.022049109378421763,0.15963633830175608,4.009798077726725,1293.6883499721425,0.0014663663465913966
172,0.305159207785256,0.30047525877776754,0.007114720816611294,0.30047525877776754,0.027390823824770764,0.09241640639001386,1.882013168887113,155.63776223658084,0.000809836495314543
173,0.31978029768009936,0.3469651692500995,61.35126775043468,0.3469651692500995,0.021980972792323583,0.15976398817452078,2.2162147544056197,352.9987059752921,0.0014483268160459689
174,0.3204440007915087,0.3495048281684229,57.422303492074676,0.3495048281684229,0.022084512696545308,0.1606433530251559,2.0710554086605986,308.0044631088776,0.0014480862810507583
175,0.30579535145057885,0.30551934700715866,0.006863323006982168,0.30551934700715866,0.027267526051978876,0.09194312883795625,1.8607283538856791,151.50757873304093,0.0007938678907282222
176,0.3211760475972686,0.1611810833131681,46.69838300965098,0.1611810833131681,0.0014553590355472687,0.35876587418663214,2.5313712939475486,554.84638976151,0.020828973614914294
177,0.3211650700256891,0.35087723100610263,60.43931979302735,0.35087723100610263,0.02208598951775549,0.15972308391406587,2.2136860526141002,352.9290268874473,0.0014558060405116498
178,0.32173857029463626,0.35030846771709645,57.221756591466814,0.35030846771709645,0.02219571140649958,0.15910184730710117,0.9275261916106189,64.84771640963504,0.001490996061697134
179,0.32044861756297083,0.35160682411461186,50.58380577736033,0.35160682411461186,0.022176602405861143,0.1595729980975515,4.652438129566842,1738.8158805276553,0.0014589922892302941
180,0.3212446946767756,0.35226983938600676,58.34286534647489,0.35226983938600676,0.022124656938354414,0.15985890561080254,0.9408858590369332,64.5811725858286,0.0014619785821536632
181,0.32193877717889935,0.355121382286987,52.703685758887836,0.355121382286987,0.022328832925448464,0.16149991100108668,1.4401161440171033,153.5213026476236,0.0014736289821462682
182,0.32195764715466346,0.3562627640437771,58.03686291287075,0.3562627640437771,0.022243994458745923,0.16121828142407213,0.9598535745197085,66.41856393964407,0.0014539936514571985
183,0.3226147289066744,0.3572402442353877,58.85304257159324,0.3572402442353877,0.022194538130414384,0.16099156489904037,2.2055149927069824,339.83421368038046,0.0014674042274777112
184,0.32155620729767176,0.3537322637109933,56.179355134624586,0.3537322637109933,0.02246768185377028,0.1608640218282698,1.003174192656465,76.16634809961975,0.0014721326327566454
185,0.3220441579490611,0.3537246113644571,60.251408213518104,0.3537246113644571,0.02230973926000813,0.15959724079026127,2.2138328861043077,351.7170864322948,0.001474432420556863
186,0.3068218503628164,0.3083954796679374,0.00713775808943674,0.3083954796679374,0.027722398020046113,0.09226232969297966,1.7982564996967625,138.60020869106594,0.000816034987419559
187,0.32245629392412434,0.35750934871362394,58.88088108460107,0.35750934871362394,0.022506587316470573,0.16170454378730956,2.237458934786509,354.2673276800428,0.001472504113313444
188,0.30690390751636804,0.3123725242708,0.007094072011491558,0.3123725242708,0.027714662950434222,0.09340741100626375,1.8087744919461826,138.30658643945375,0.000793386733734554
189,0.3072683182683618,0.31298332694888537,0.00717153909690265,0.31298332694888537,0.027635727630278974,0.09400595799406714,1.8600630987220033,141.73585117374404,0.0008016294132528456
190,0.3226642032014533,0.1607660642449724,49.9923017145999,0.1607660642449724,0.0014881399100050872,0.3633128339766576,0.9297837913833953,71.33279809748109,0.021117939872567073
191,0.3220391410666106,0.159694049008218,52.513648310150295,0.159694049008218,0.0014603084950355588,0.3636228524883103,3.4803501595958966,920.7628342695066,0.02093709149148346
192,0.3220575726107319,0.3583680953503014,57.16410598641272,0.3583680953503014,0.02248635286946321,0.15973960433920184,0.9689497996962426,66.78919012109127,0.001467402617897591
193,0.3077049534490057,0.31425232736716957,0.0072549216140619915,0.31425232736716957,0.02771878639301294,0.09399210986481911,1.8790611084067346,149.44658598156627,0.0008048954632911521
194,0.3234634027429437,0.36234035854016,59.25662668550125,0.36234035854016,0.022656167841026077,0.16188358107786135,2.243000266118754,352.9124935462846,0.0014807323425014291
195,0.3232679394338512,0.1618680172176698,54.24519792850041,0.1618680172176698,0.0014641539066576736,0.3691999967041245,2.142411042275387,344.0346000780698,0.021124338889572564
196,0.32340339348818137,0.32744046924676645,0.0014855499437639844,0.32744046924676645,46.03647864965779,0.3707483079400009,1.2532722743249622,128.79785438594416,0.02130367515659922
197,0.32319794544881886,0.31319557956201244,0.0014777832601384159,0.31319557956201244,50.10742920192481,0.36944481477622215,2.1725826732574394,382.30579402492907,0.021187658088405604
198,0.3232774027405674,0.3253574010128819,0.0014761727118190755,0.3253574010128819,51.12954428171114,0.3699835935112509,2.1476371796286653,367.7299412898311,0.021261533557951635
199,0.32384058421720524,0.36608665292244374,51.18110882494754,0.36608665292244374,0.0228941357595659,0.16342233194892958,1.4523033359502397,151.37945999395404,0.001469054011566632
200,0.3242350465023967,0.3662206756577554,55.57269655010606,0.3662206756577554,0.022922976507622397,0.16338489141488372,0.9988195538637333,72.24012869506358,0.001480070645879435
201,0.3248473748113056,0.3611767492446306,0.001487791889893463,0.3611767492446306,52.7928617913033,0.3732147563931208,2.1425548377724035,351.998873671766,0.021279502125421006
202,0.30839169959688606,0.32209519559720945,0.007098262285845906,0.32209519559720945,0.027993301772576334,0.09427100145209423,1.8750221563737104,145.44807701076147,0.0007837526932374794
203,0.3243596210865412,0.31621748085121926,0.001484591124924463,0.31621748085121926,45.56996195523918,0.37529985512945846,1.1948317131065094,117.78739186305275,0.02147197747217185
204,0.32544409796524393,0.36770671500630386,56.067023736021056,0.36770671500630386,0.02298058354247344,0.16344954449162094,3.71359917673313,936.5290795378995,0.0015092243961986782
205,0.3254656879851023,0.3161097788754158,0.0014999772701407717,0.3161097788754158,48.55137395969152,0.37514937340741694,2.24186943078273,406.1568692939819,0.021560542515611222
206,0.325926830020284,0.3702448392690811,51.974275228771255,0.3702448392690811,0.023047826660550316,0.16370301479654775,1.803281491482262,226.63911025348307,0.0014975342977115655
207,0.3260598938163983,0.36988424159236666,57.86468603629084,0.36988424159236666,0.023029187438521007,0.1633476450800133,2.2847686713270163,363.0411703966444,0.001505988012242299
208,0.3252823531069413,0.16189513005880854,53.45978129856212,0.16189513005880854,0.0015033622094187513,0.37351086970471,2.147685816506851,344.16962884227763,0.02147639598697357
209,0.32494409889074527,0.3673599522300856,57.282237069158306,0.3673599522300856,0.023041387983462048,0.16120759326135792,2.2644167254385343,346.6018510741942,0.0015090198573862418
210,0.3251294777846663,0.3684107530064458,51.13312465215029,0.3684107530064458,0.023110832425084587,0.1617486541730911,1.5399807571897708,166.57630240365643,0.0015084907305124393
211,0.325410758915304,0.1612491279007956,51.479119614761224,0.1612491279007956,0.001494990991055972,0.37517956742110276,2.1419082518122607,353.532035253063,0.021452108906153677
212,0.32614497019240374,0.3728250801819547,49.20278863751474,0.3728250801819547,0.0231750976119067,0.16268012945359034,2.615291096040545,513.063441071566,0.001509695645401051
213,0.32621625438647617,0.3712709805701836,58.459170923229244,0.3712709805701836,0.02325388211927826,0.16373998650967828,2.296700983979686,359.00398470858806,0.0015179375988792847
214,0.31023555967665034,0.32511493153302157,0.0073581458669715995,0.32511493153302157,0.028554316845121615,0.09409241415624564,1.9023648514292542,146.82109150292905,0.0008000820950645611
215,0.3263421632777415,0.3279363471356446,0.0015356567257704303,0.3279363471356446,50.13335958805781,0.3768673333146299,2.1884724908970474,372.7194464247702,0.021700646229352936
216,0.32647126302610047,0.3725376471104963,47.35284949425287,0.3725376471104963,0.023321527964077823,0.16262770204864,2.8267546636865557,591.3746456803003,0.0015122754758229607
217,0.32672050863284796,0.37250304849558796,49.28484252074102,0.37250304849558796,0.023424635222805013,0.16300986083624694,2.554081609045323,490.5526387418676,0.0015283519334199438
218,0.32724302837474845,0.37399167730534355,54.71079163021688,0.37399167730534355,0.02333773725049977,0.16326123029699222,3.704930502894911,910.9100751764976,0.0015185083044313727
219,0.3274800330590253,0.37483237623891785,52.08886219713025,0.37483237623891785,0.023517330056861928,0.1644767726244188,1.879632166779177,238.1103723499347,0.001504224053387442
220,0.3272795004635604,0.32328483074648934,0.0015234020481268472,0.32328483074648934,46.232644939514,0.38265589204298006,1.1079214788376812,98.03632033708405,0.022005937800040773
221,0.3271767076261919,0.37310222968782897,55.22858180824987,0.37310222968782897,0.023402170119358395,0.1627125547797332,2.246332252162494,332.47824245421987,0.001517703011668639
222,0.32769677512981055,0.3741178363268835,54.15907667525722,0.3741178363268835,0.023445079013750765,0.1627108590291029,0.9740087024542967,66.4993025175773,0.0015023652953288036
223,0.3276220124653579,0.37375441554171496,57.10475543649737,0.37375441554171496,0.02349274518838861,0.1625092268045211,2.3197772310301827,356.57610938364945,0.001515335570204213
224,0.32832733661715907,0.3767225922391032,54.60649423411804,0.3767225922391032,0.023569781675044334,0.1640959991695969,0.9749469426366025,65.55029660066975,0.0014973280666605534
225,0.3283906800395648,0.37869613535044794,49.98467564961053,0.37869613535044794,0.023503927418957286,0.16445846811833362,2.5194998444665235,462.49307171004216,0.0014860412590741732
226,0.328768886611403,0.3778908042788852,57.677185961294825,0.3778908042788852,0.023664896890876343,0.1644066531013002,2.3250320662484105,356.5438183870167,0.0015082444891286254
227,0.32888972816453765,0.37572128553777406,54.848909452148675,0.37572128553777406,0.023647796200228617,0.16416719177690675,0.9714518104323303,64.43639186607793,0.0014987026395350401
228,0.3124426805367539,0.32910563813998467,0.007381958776641788,0.32910563813998467,0.02884227699470622,0.09436613260439912,1.8882041384546902,138.00283130840577,0.0007867494527242995
229,0.3908762004101507,0.00045152047261108396,166.3534360780214,0.00045152047261108396,259.2052465552383,0.45562953081899205,4.003630480580358,686.379661428019,0.011453121334963545
230,0.3298614690091868,0.1648745364188053,44.54267108158408,0.1648745364188053,0.001513443256772812,0.38509552183256607,1.1578759315794969,106.98190169461755,0.022348134381059058
231,0.3304248710265047,0.3807511180824521,53.85280828775233,0.3807511180824521,0.023757427506416528,0.1644489851150473,1.017505877767097,70.96542988525545,0.001498008008368269
232,0.3137579015468367,0.3321199541662526,0.007403155462092733,0.3321199541662526,0.029204428307475345,0.09565425158061126,1.8906510103231888,139.53789991170046,0.0007702722793108874
233,0.3295376236643124,0.38061789393258,54.607601412795674,0.38061789393258,0.023790917918203994,0.16485914203441446,2.3338321267486646,372.2792436541958,0.001483244267200924
234,0.33123547914452744,0.3806864422804208,46.23960563244583,0.3806864422804208,0.023908997634921332,0.16387732470735145,2.8522662450302123,584.0033890839144,0.0015163471614518958
235,0.33031947233113945,0.3516341896854184,0.0015167239282681461,0.3516341896854184,49.63686129977071,0.38504709645105706,2.195620073850684,360.6145225505486,0.02244365408034839
236,0.331792523597903,0.1631201648050604,50.7745888999347,0.1631201648050604,0.0015351983269675641,0.3851677451138551,2.198747556199436,336.31405412081335,0.02228790029724563
237,0.3327536535890817,0.3834677830399059,45.63099812382613,0.3834677830399059,0.024071126045150347,0.1649042185169381,2.8478830777625186,579.928984045084,0.0015431149276916374
238,0.33192842801780964,0.3833823595219525,53.85986356998386,0.3833823595219525,0.024087927678989304,0.165665110731136,0.9921653002483481,65.70543786444223,0.00153014449567334
239,0.3157654337404427,0.33570090930516017,0.007369580854392953,0.33570090930516017,0.029416319751531358,0.09481975102956665,1.9102996973037545,140.1676368479226,0.0007745986157026877
240,0.33225112710794724,0.3840414158638648,56.28873944877867,0.3840414158638648,0.024085776807570954,0.16509619384248303,2.376716087941391,355.88128179958807,0.0015143460730854157
241,0.3323814681679471,0.3830038313957006,56.775889939090234,0.3830038313957006,0.024129267506884232,0.16443020690737256,2.379848475309689,357.82629824599354,0.0015197298741725475
242,0.33332102389401574,0.38246768039693857,56.99486517164901,0.38246768039693857,0.02420715240563351,0.16453456029556915,2.3621577810947674,358.5228018053721,0.0015578846036002922
243,0.33328455521176104,0.33480351436323824,0.0015506261761171934,0.33480351436323824,44.77289264792749,0.3922189396112256,1.115923731959895,95.93815064922656,0.02282949689593125
244,0.33250071726607944,0.38641696849828905,53.832312384628565,0.38641696849828905,0.02418218337458849,0.16536340382905812,1.0201427869608464,68.49279071537192,0.0015054489199546413
245,0.3335575785260815,0.38740790860016455,53.45111087663425,0.38740790860016455,0.024297244096395533,0.16646793673928945,1.0106289342078918,66.9985009315059,0.0015338338884943834
246,0.31643146756960105,0.3397599286756747,0.007470853818282411,0.3397599286756747,0.029736084877516108,0.09641770530598898,1.9245437763199527,137.96734617299336,0.0007703914793137487
247,0.3337258982522901,0.3881631253989788,46.4366804515255,0.3881631253989788,0.024374314917487906,0.16590198057996586,1.434721387353399,138.94132161388302,0.0015352971514358987
248,0.333748823776191,0.3866641259872572,52.977878824917866,0.3866641259872572,0.02450361520187411,0.1665245262394303,1.0262941016799045,69.54702982823912,0.001547652846356743
249,0.39630053211822003,0.0006973929166755096,193.20724615977772,0.0006973929166755096,1.671346523328117,0.4671156050862072,2.208377620890317,189.52229190230034,0.011899921039344839
250,0.334577493286636,0.38877516913628196,56.54850627066458,0.38877516913628196,0.02444594004003666,0.16609692055827446,2.407561598343621,362.20775119548665,0.0015483994756095491
251,0.33395005151520885,0.3901244601353975,56.794406291472654,0.3901244601353975,0.024469559211302908,0.16659915519203786,2.4118476115155345,360.57384995826607,0.0015276286561362344
252,0.3341704642877045,0.3913995557564882,45.317046589199634,0.3913995557564882,0.02442919055175349,0.16533551612727854,4.211130941396772,1244.181495871571,0.0015398292117556097
253,0.3170798775788253,0.3399142951388971,0.0075443838844084935,0.3399142951388971,0.029825900783160882,0.09498954645602657,1.9393886132693188,140.4830021596543,0.0007816627596590896
254,0.33469615303494615,0.388717596680908,56.175620232336705,0.388717596680908,0.024559446163553596,0.165001044261046,2.4105225980643463,359.31998082017674,0.0015500392132857923
255,0.3354604241994352,0.39109478437865813,46.8432461158862,0.39109478437865813,0.024793118625067667,0.16580315788038466,2.666175001977079,492.62187327639504,0.0015770244035870171
256,0.3352677735417419,0.16566643125790714,44.164622627152056,0.16566643125790714,0.0015286355056780645,0.40092563706309553,2.4549026967825154,448.8921354267396,0.022941590027642022
257,0.3354781594885368,0.3941361701019036,51.19101894302415,0.3941361701019036,0.024663143743310297,0.16662524624527222,1.0808084620381395,76.17760665686949,0.0015474338769229537
258,0.39962672228338453,0.35071456968742487,912.779907413558,0.35071456968742487,114.81397211487395,0.4767493290698456,1.8024292609462953,133.36144396115102,0.012235531613284778
259,0.33574568842222113,0.39215156262850165,50.60634260019907,0.39215156262850165,0.024793035656974216,0.1653419821680619,1.1146669163022909,75.4416422950803,0.0015577105892905785
260,0.3361378140120583,0.39321060554101395,47.56741133173071,0.39321060554101395,0.02487069182576941,0.1655888402429858,1.6538190812300524,171.74846892114667,0.0015720541657570021
261,0.336264541400497,0.3924480561442188,53.080799171088735,0.3924480561442188,0.024840753749849242,0.16511733136654347,1.0182248266613256,64.71015746804295,0.0015853692462520076
262,0.3346265849336704,0.15986520354599273,15.233989387029494,0.15986520354599273,0.0014710724474159126,0.38642224992086127,2.071521253039455,148.07908404393356,0.021397609480091645
263,0.3374393503492617,0.39623961009221925,51.795266594789744,0.39623961009221925,0.02515008128045008,0.16724684378381488,1.0084818830312055,63.42404707130778,0.0015979640504372135
264,0.33701577654259357,0.3979057151460763,50.98106836116171,0.3979057151460763,0.025152711492603938,0.1672891859153419,1.0430277820241476,69.23538636578617,0.0015797724188398648
265,0.3361395670776133,0.39694454262208767,51.08662261602312,0.39694454262208767,0.02502304032683334,0.1660887141281933,1.0235830746380035,66.5376510797028,0.001537658228997387
266,0.33637624551774425,0.39586611931447263,55.05749949273463,0.39586611931447263,0.025157062548972438,0.1661249160026482,2.4428818742827385,359.4441973337324,0.0015658692302036134
267,0.3368126828340964,0.39689744624448947,51.64364075592028,0.39689744624448947,0.02521668415950203,0.1660981771861231,1.0139827336250624,63.69069035790753,0.0015704800956803113
268,0.33685425094616395,0.4016997321781596,49.952111211789855,0.4016997321781596,0.025091435609635667,0.16689983050912655,1.1091107248298766,78.02243715484856,0.0015273385015922803
269,0.3373460057401319,0.4013676121538859,55.50970136857978,0.4013676121538859,0.025323706034301636,0.16746826034811843,2.5093271256662506,362.6588163684929,0.0015570020803671205
270,0.33773661277931283,0.16765391254332188,49.02009516782569,0.16765391254332188,0.0015832275826696168,0.4090700283280034,2.340986948935559,351.9800245929612,0.023658088911649215
271,0.33781376577418076,0.40282943194172854,51.94649690727424,0.40282943194172854,0.025439049076216268,0.16807970320818882,1.0538375495306136,66.94185028821589,0.001592408447426645
272,0.33788403824256386,0.4016883626015731,49.80243051323505,0.4016883626015731,0.02556521701886598,0.16705088781605767,1.089781608466565,74.19677220550692,0.001607069296744193
273,0.33806349625498666,0.4049579776485581,43.625468227680976,0.4049579776485581,0.02566337315205827,0.16763553377164192,4.399378059623633,1287.7530064799553,0.0015823877889480044
274,0.33766924590695274,0.4047720846367995,46.74104994400434,0.4047720846367995,0.025583026220551027,0.16748364069051105,2.6647839150187016,455.19520925275276,0.001575141150919792
275,0.3388006497787254,0.4057088720755605,50.93075484373272,0.4057088720755605,0.025763137031030538,0.16859499285503451,1.051463709370638,66.4240906865062,0.0015988416741669533
276,0.33832703866231845,0.4083817753889915,46.31959173416764,0.4083817753889915,0.025920768323144387,0.16974529155693788,1.7367609577416505,175.96889053773197,0.0015926163670988223
277,0.33913223440502394,0.4108729118437451,41.345775526400125,0.4108729118437451,0.026108416664296006,0.1705090751460708,5.714005896314266,2123.2765873622834,0.0016061866566321435
278,0.3385128796865062,0.406267074917312,51.52855773846895,0.406267074917312,0.02584844083110426,0.1681196579641349,1.0580253722057666,65.37230367726686,0.001623212943338244
279,0.31860461255227085,0.12008020003171085,0.031291674051907255,0.12008020003171085,0.007652267862634962,0.09744613280216256,2.199713574647239,161.01062167233903,0.0007496462342739771
280,0.33767925327246656,0.4088694320083833,52.33343212646015,0.4088694320083833,0.026057092380610433,0.16909122331368925,1.07279011785665,64.86321588755867,0.0015940338139062244
281,0.3374684289721931,0.17038230076607186,43.00887521470549,0.17038230076607186,0.0015860255069106723,0.4199261971523757,1.1241364376359964,85.25965984235935,0.024341313253872787
282,0.3194134834781994,0.3620239953957861,0.007910909243726342,0.3620239953957861,0.031551656369517976,0.09921305945094774,2.2173416903193774,160.90286668531016,0.0007550918774709049
283,0.3385768292250943,0.41473936447275417,50.00441670325258,0.41473936447275417,0.026404724492703924,0.17120665959227108,2.474133858741914,331.29548792442984,0.0016018247778023522
284,0.31971024883292004,0.3646054555898238,0.007742737619931971,0.3646054555898238,0.031786738171538625,0.09734096254504965,2.2390650792295266,161.72473474452644,0.000758403903098731
285,0.40366722795880855,0.211247927278754,1651.34911663254,0.211247927278754,111.95082159989812,0.4979687224611416,1.8106432042593712,121.5293533565427,0.013340990063109364
286,0.3386220860208309,0.4171544693171165,49.498862853014096,0.4171544693171165,0.026761777822612454,0.17145502964515305,1.123066103175755,72.52906801001333,0.0016387096674335359
287,0.33999910026623764,0.42084836664274256,41.7061503269327,0.42084836664274256,0.027079906197576577,0.1726044217306694,1.4822172023647098,131.2385687754817,0.00167733915620622
288,0.3392756397702501,0.4230458860223337,46.27312253324762,0.4230458860223337,0.026862242590546884,0.17192524722835817,1.233237139708662,89.55373605939972,0.0016197942729761804
289,0.40595993670232083,96.42513289440751,238.9829649061421,96.42513289440751,251.5510611973212,0.5059045373563542,1.6835275911542091,102.56003704106705,0.013682312119182331
290,0.3404327453939329,0.42590864603408063,47.74593917158376,0.42590864603408063,0.02723463940811897,0.17243621332382042,1.2162951010206027,83.7104072937924,0.001682870655920102
291,0.33960411006725355,0.6026958113124495,0.027021421887992832,0.6026958113124495,54.37351877949326,0.17115913920483466,2.6876093511231884,368.7076210319964,0.0016206537571568209
292,0.33999177921101803,0.42625808869532467,48.808705758776135,0.42625808869532467,0.027373069107154608,0.17145969586539261,1.1665477088662959,75.93951490466587,0.001654659746541621
293,0.3407410982944385,0.4294645663146561,51.025935901434416,0.4294645663146561,0.027430043498569853,0.1718916270380722,1.1500519655976789,67.28880077229626,0.001654671105237901
294,0.3411961287031063,0.4312080342257608,50.33190542492718,0.4312080342257608,0.027785990111324106,0.1736852329852634,1.1312061264597948,67.51979103052824,0.0017014843083631012
295,0.3449226909821203,0.17624862338336167,37.21446078304869,0.17624862338336167,0.001766579170167193,0.44595196940586207,2.8917498934798354,538.8079816579524,0.026699291220064293
296,0.3447764735369208,0.4372599589550729,39.973694711597176,0.4372599589550729,0.028681622160947707,0.17495231743141168,3.155968589247506,569.3942473697546,0.0017521724334811119
297,0.34435739150768246,0.4359675598952211,47.876982372608076,0.4359675598952211,0.028687167758243596,0.1744839331514109,2.780913105771782,413.19840923377814,0.0017196213717672493
298,0.3472216006652798,0.44058577891333367,48.50478275091691,0.44058577891333367,0.029158942605881658,0.1746935153963207,2.6522719929206318,333.1244140625784,0.0017629042154091148
299,0.34865756844351553,0.4467628682990782,49.47524173744775,0.4467628682990782,0.029767406473809092,0.176472568865503,1.2155458779621657,68.41285518161209,0.001793069710064532
300,0.35037660924917025,0.17988672404443434,37.32293113599361,0.17988672404443434,0.0018610026134768933,0.46718233460056485,1.3524658001023833,107.79898805458805,0.02831449657860461
301,0.35082279540696865,0.4623322484508147,50.71692715821202,0.4623322484508147,0.03127858138212129,0.18071821503682065,1.2647768157117818,68.99839549378555,0.001868094370204739
302,0.35062325495041924,0.46989405448033583,49.42140936275603,0.46989405448033583,0.0320467121110404,0.18283953027843677,1.2630374191546765,71.77162288111579,0.0019040690781221314
303,0.34919156705512266,0.4756859957238376,38.95410454882513,0.4756859957238376,0.03306240485646956,0.1844870019834489,1.584609562456405,121.97204133462647,0.0019293936839930778
304,0.3495481612775846,0.1844885701301012,44.45040982087979,0.1844885701301012,0.0019468036579601785,0.4929101992200159,1.1659556201059171,63.10040677816221,0.03050741637784541
305,0.34926127595360373,0.48679059882767284,50.99779381080081,0.48679059882767284,0.034119999930864654,0.18546402308746174,1.3074098564544878,69.45537878271847,0.0019665417323789618
306,0.35015998587360353,0.4954908136460665,49.69763159596152,0.4954908136460665,0.035156945533822516,0.18793212509019167,1.339503904790175,72.26630389106666,0.0020434314496343767
307,0.3495833771303245,0.5050283646444831,47.80442802835163,0.5050283646444831,0.035936506095621844,0.1902713230419482,1.4504028368887307,84.06787500895216,0.0020549670126772225
308,0.3503757049550723,0.5125921093289731,49.78468253616468,0.5125921093289731,0.03663031162539751,0.19198584862407012,1.457691988347838,80.5511732230561,0.0020643752421895985
309,0.3503818565733304,0.5195015041838886,42.79336964747324,0.5195015041838886,0.037442023013538994,0.1937720858113176,1.6275352758767077,104.66762425260298,0.002096111837531469
310,0.35016759397669456,0.5237499446387124,40.77385317285041,0.5237499446387124,0.03809365791301508,0.19354957058705244,1.715081027905382,114.99597036602266,0.0021075372280645373
311,0.32542814834031,0.4726373142736504,0.010146735897323029,0.4726373142736504,0.045950255629567636,0.10984477260791553,5.147096855728023,575.5546930009617,0.000777902568346539
312,0.3518820974390802,0.5358921182139906,52.95700819800696,0.5358921182139906,0.03957358877586327,0.1966935398942656,1.5722908256402999,77.12807339696873,0.002158630547728393
313,0.3534413838480491,0.5442718527888711,46.46568894298983,0.5442718527888711,0.0404013499297989,0.19910693609902227,1.6997520771252517,99.18874258920512,0.0022373290863595017
314,0.3541133362401925,0.20171721807429496,43.81555961639275,0.20171721807429496,0.002261239457713565,0.5649224659769424,3.2915411473416816,396.8746192763724,0.036950997073187594
315,0.3543735805590697,0.5585426429193419,46.26114180450627,0.5585426429193419,0.041353342810983504,0.20209417123037018,2.0861711904896483,128.74257978684875,0.0022354372143989377
316,0.35462860454980627,0.5609958630181162,46.0329487891007,0.5609958630181162,0.041750207126955076,0.20142727204261995,1.7791243279823428,102.17335112201576,0.0022541086643952796
317,0.3550578005027566,0.5643535360717403,52.901785555989875,0.5643535360717403,0.042423369234478515,0.20338389728965642,1.655022145090268,81.91751307897805,0.0022801810479560177
318,0.3550002201206038,0.5688444650198979,51.37790911508448,0.5688444650198979,0.04287845426295332,0.2031597537171286,1.6741128375515508,77.92194817873681,0.00227271657970382
319,0.3565670496418903,0.5755651954996162,50.15295740438331,0.5755651954996162,0.04341303314618047,0.20517495868496952,1.744118878402038,89.68008040744941,0.0023316957332907913
320,0.35720337483691667,0.2075011696161696,43.49936021330989,0.2075011696161696,0.002374108599919874,0.5989840431944756,1.497375200760701,72.77997944197192,0.039372960700560615
321,0.3576293429907287,0.5884145710111168,51.010751643028016,0.5884145710111168,0.04412941164024697,0.2070814891805597,1.8036415547733582,91.71684918192881,0.002325701986257223
322,0.35870768726969443,0.5949760052805616,40.570779295490865,0.5949760052805616,0.044940439729031494,0.21025139065312304,2.343731956874005,153.21441198151436,0.0023696781079062448
323,0.3598413516644715,0.5949995851055436,41.55408413631677,0.5949995851055436,0.04537632494013843,0.20958260394079317,2.4492060643043523,162.43911628439798,0.0024289144837090393
324,0.359650139310756,0.21140724173082154,38.15508223043176,0.21140724173082154,0.0023774903855610435,0.6203645636531717,1.7060238361030535,86.3247106882534,0.04053951538280225
325,0.3599413081935615,0.6028306567971857,50.90069802001177,0.6028306567971857,0.04611899630004135,0.21097884528637265,1.8504893862276004,91.53209667787631,0.0024414219777126244
326,0.35998647753788526,0.6082761308960969,51.52157222556247,0.6082761308960969,0.046204394701433504,0.21079058915764845,1.8864939213350822,92.6920673779623,0.0023473524004008713
