,R0_45c01,R1_R2_45c01,im_max_45c01,slope_45c01
0,1.507444318310202,0.319140985050945,0.08700999816886854,-1.720936561191549
1,1.4985271136161602,0.3198702251490192,0.08725651052644805,-1.7118691568013213
2,1.4896565577962495,0.320598355881765,0.08750262029661837,-1.702851801759427
3,1.48083265085047,0.32132537724918253,0.08774832747937951,-1.6938844960658663
4,1.4720553927788211,0.3220512892512717,0.08799363207473145,-1.6849672397206392
5,1.4633247835813032,0.32277609188803247,0.08823853408267421,-1.6761000327237459
6,1.4546408232579164,0.323499785159465,0.08848303350320777,-1.6672828750751858
7,1.4460035118086605,0.3242223690655691,0.08872713033633214,-1.6585157667749595
8,1.4374128492335356,0.32494384360634493,0.08897082458204733,-1.6497987078230667
9,1.4288688355325418,0.32566420878179236,0.08921411624035332,-1.6411316982195074
10,1.420371470705679,0.32638346459191153,0.08945700531125012,-1.6325147379642817
11,1.4119207547529469,0.3271016110367023,0.08969949179473773,-1.6239478270573897
12,1.403516687674346,0.32781864811616473,0.08994157569081615,-1.6154309654988313
13,1.395159269469876,0.3285345758302989,0.09018325699948539,-1.6069641532886063
14,1.386848500139537,0.32924939417910465,0.09042453572074542,-1.598547390426715
15,1.378584379683329,0.3299631031625821,0.09066541185459628,-1.590180676913157
16,1.370366908101252,0.3306757027807312,0.09090588540103794,-1.5818640127479329
17,1.3621960853933057,0.33138719303355196,0.0911459563600704,-1.5735973979310423
18,1.3540719115594908,0.3320975739210444,0.09138562473169369,-1.565380832462485
19,1.3459943865998065,0.3328068454432085,0.09162489051590778,-1.5572143163422616
20,1.3379635105142533,0.3335150076000442,0.09186375371271267,-1.5490978495703716
21,1.3299792833028312,0.33422206039155167,0.09210221432210838,-1.5410314321468153
22,1.32204170496554,0.3349280038177307,0.0923402723440949,-1.5330150640715923
23,1.3141507755023798,0.33563283787858145,0.09257792777867224,-1.525048745344703
24,1.3063064949133505,0.3363365625741038,0.09281518062584038,-1.5171324759661475
25,1.2985088631984523,0.33703917790429794,0.09305203088559932,-1.5092662559359253
26,1.290757880357685,0.33774068386916367,0.09328847855794908,-1.501450085254037
27,1.2830535463910486,0.338441080468701,0.09352452364288966,-1.4936839639204817
28,1.2753958612985432,0.33914036770291006,0.09376016614042103,-1.4859678919352604
29,1.2677848250801689,0.3398385455717908,0.09399540605054321,-1.4783018692983725
30,1.2602204377359254,0.34053561407534316,0.09423024337325621,-1.4706858960098184
31,1.252702699265813,0.34123157321356723,0.09446467810856002,-1.4631199720695975
32,1.2452316096698315,0.3419264229864629,0.09469871025645464,-1.4556040974777105
33,1.237807168947981,0.3426201633940303,0.09493233981694006,-1.448138272234157
34,1.2304293771002617,0.3433127944362693,0.0951655667900163,-1.4407224963389371
35,1.2230982341266732,0.34400431611317994,0.09539839117568334,-1.4333567697920506
36,1.2158137400272155,0.34469472842476234,0.0956308129739412,-1.4260410925934979
37,1.208575894801889,0.3453840313710163,0.09586283218478987,-1.4187754647432784
38,1.2013846984506933,0.346072224951942,0.09609444880822934,-1.4115598862413927
39,1.194240150973629,0.34675930916753933,0.09632566284425963,-1.4043943570878406
40,1.1871422523706952,0.34744528401780833,0.09655647429288072,-1.3972788772826221
41,1.1800910026418925,0.348130149502749,0.09678688315409263,-1.3902134468257372
42,1.173086401787221,0.3488139056223613,0.09701688942789534,-1.3831980657171856
43,1.16612844980668,0.3494965523766453,0.09724649311428886,-1.376232733956968
44,1.1592171467002703,0.35017808976560094,0.09747569421327319,-1.3693174515450837
45,1.1523524924679915,0.3508585177892282,0.09770449272484834,-1.3624522184815329
46,1.1455344871098436,0.35153783644752723,0.0979328886490143,-1.3556370347663158
47,1.138763130625827,0.3522160457404978,0.09816088198577105,-1.3488719003994323
48,1.132038423015941,0.3528931456681401,0.09838847273511864,-1.3421568153808823
49,1.1253603642801862,0.35356913623045405,0.09861566089705702,-1.3354917797106658
50,1.1187289544185623,0.3542440174274397,0.0988424464715862,-1.3288767933887828
51,1.1121441934310694,0.354917789259097,0.09906882945870621,-1.3223118564152336
52,1.1056060813177075,0.3555904517254259,0.09929480985841702,-1.315796968790018
53,1.0991146180784765,0.3562620048264265,0.09952038767071864,-1.3093321305131358
54,1.0926698037133766,0.3569324485620988,0.09974556289561107,-1.3029173415845872
55,1.0862716382224076,0.3576017829324427,0.09997033553309431,-1.2965526020043723
56,1.0799201216055696,0.35827000793745833,0.10019470558316837,-1.290237911772491
57,1.0736152538628625,0.3589371235771456,0.10041867304583323,-1.2839732708889429
58,1.0673570349942865,0.3596031298515045,0.1006422379210889,-1.2777586793537288
59,1.0611454649998413,0.36026802676053504,0.10086540020893538,-1.271594137166848
60,1.0549805438795272,0.3609318143042373,0.10108815990937267,-1.265479644328301
61,1.048862271633344,0.3615944924826112,0.10131051702240076,-1.2594152008380872
62,1.0427906482612919,0.3622560612956568,0.10153247154801967,-1.2534008066962072
63,1.0367656737633708,0.362916520743374,0.10175402348622939,-1.2474364619026608
64,1.0307873481395804,0.36357587082576287,0.10197517283702992,-1.241522166457448
65,1.024855671389921,0.3642341115428234,0.10219591960042126,-1.2356579203605687
66,1.0189706435143928,0.36489124289455566,0.10241626377640341,-1.229843723612023
67,1.0131322645129957,0.3655472648809595,0.10263620536497636,-1.2240795762118108
68,1.0073405343857293,0.36620217750203504,0.10285574436614013,-1.2183654781599322
69,1.0015954531325941,0.36685598075778225,0.10307488077989471,-1.2127014294563871
70,0.9958970207535895,0.36750867464820114,0.10329361460624009,-1.2070874301011756
71,0.9902452372487163,0.36816025917329165,0.1035119458451763,-1.201523480094298
72,0.9846401026179739,0.36881073433305384,0.1037298744967033,-1.1960095794357537
73,0.9790816168613624,0.3694601001274877,0.10394740056082112,-1.1905457281255427
74,0.9735697799788819,0.3701083565565932,0.10416452403752974,-1.1851319261636657
75,0.9681045919705324,0.37075550362037035,0.10438124492682918,-1.179768173550122
76,0.9626860528363139,0.3714015413188192,0.10459756322871942,-1.174454470284912
77,0.9573141625762264,0.3720464696519397,0.10481347894320048,-1.1691908163680353
78,0.9519889211902698,0.37269028861973186,0.10502899207027235,-1.1639772117994927
79,0.9467103286784443,0.3733329982221957,0.10524410260993503,-1.1588136565792833
80,0.9414783850407497,0.3739745984593312,0.1054588105621885,-1.1537001507074076
81,0.936293090277186,0.3746150893311383,0.1056731159270328,-1.1486366941838653
82,0.9311544443877533,0.3752544708376171,0.1058870187044679,-1.1436232870086567
83,0.9260624473724517,0.37589274297876757,0.10610051889449382,-1.1386599291817818
84,0.921017099231281,0.3765299057545897,0.10631361649711055,-1.1337466207032403
85,0.9160183999642412,0.3771659591650835,0.10652631151231808,-1.1288833615730325
86,0.9110663495713325,0.37780090321024895,0.10673860394011642,-1.124070151791158
87,0.9061609480525546,0.3784347378900861,0.10695049378050557,-1.1193069913576172
88,0.9013021954079079,0.3790674632045949,0.10716198103348554,-1.1145938802724102
89,0.896490091637392,0.3796990791537753,0.1073730656990563,-1.1099308185355365
90,0.8917246367410072,0.38032958573762743,0.1075837477772179,-1.1053178061469966
91,0.8870058307187533,0.3809589829561512,0.10779402726797029,-1.10075484310679
92,0.8823336735706304,0.3815872708093466,0.10800390417131349,-1.096241929414917
93,0.8777081652966384,0.3822144492972137,0.10821337848724749,-1.0917790650713777
94,0.8731293058967775,0.3828405184197525,0.10842245021577232,-1.087366250076172
95,0.8685970953710476,0.38346547817696286,0.10863111935688795,-1.0830034844292997
96,0.8641115337194485,0.384089328568845,0.10883938591059439,-1.0786907681307611
97,0.8596726209419805,0.3847120695953987,0.10904724987689164,-1.074428101180556
98,0.8552803570386435,0.38533370125662414,0.10925471125577971,-1.0702154835786846
99,0.8509347420094374,0.3859542235525212,0.10946177004725857,-1.0660529153251468
100,0.8466357758543623,0.3865736364830899,0.10966842625132825,-1.0619403964199423
101,0.8423834585734182,0.3871919400483303,0.10987467986798874,-1.0578779268630716
102,0.838177790166605,0.38780913424824237,0.11008053089724004,-1.0538655066545344
103,0.8340187706339228,0.38842521908282607,0.11028597933908216,-1.049903135794331
104,0.8299063999753716,0.38904019455208144,0.11049102519351506,-1.0459908142824608
105,0.8258406781909514,0.3896540606560085,0.1106956684605388,-1.0421285421189244
106,0.8218216052806622,0.39026681739460717,0.11089990914015332,-1.0383163193037213
107,0.8178491812445039,0.3908784647678775,0.11110374723235868,-1.034554145836852
108,0.8139234060824767,0.39148900277581955,0.11130718273715484,-1.0308420217183163
109,0.8100442797945804,0.39209843141843326,0.1115102156545418,-1.027179946948114
110,0.806211802380815,0.3927067506957186,0.11171284598451958,-1.0235679215262454
111,0.8024259738411806,0.3933139606076756,0.11191507372708817,-1.0200059454527102
112,0.7986867941756772,0.3939200611543043,0.11211689888224757,-1.0164940187275087
113,0.7949942633843048,0.39452505233560464,0.11231832144999777,-1.013032141350641
114,0.7913483814670634,0.3951289341515766,0.11251934143033879,-1.0096203133221064
115,0.7877491484239529,0.3957317066022203,0.11271995882327061,-1.0062585346419057
116,0.7841965642549734,0.39633336968753563,0.11292017362879325,-1.0029468053100385
117,0.780690628960125,0.3969339234075226,0.11311998584690669,-0.9996851253265049
118,0.7772313425394074,0.39753336776218123,0.11331939547761095,-0.9964734946913048
119,0.7738187049928209,0.39813170275151155,0.11351840252090602,-0.9933119134044383
120,0.7704527163203653,0.39872892837551355,0.11371700697679189,-0.9902003814659053
121,0.7671333765220407,0.39932504463418717,0.11391520884526858,-0.9871388988757059
122,0.763860685597847,0.39992005152753246,0.11411300812633607,-0.9841274656338401
123,0.7606346435477844,0.4005139490555494,0.11431040481999438,-0.981166081740308
124,0.7574552503718527,0.40110673721823803,0.11450739892624348,-0.9782547471951093
125,0.754322506070052,0.4016984160155983,0.11470399044508342,-0.9753934619982442
126,0.7512364106423823,0.40228898544763025,0.11490017937651414,-0.9725822261497127
127,0.7481969640888435,0.4028784455143339,0.1150959657205357,-0.9698210396495147
128,0.7452041664094358,0.40346679621570913,0.11529134947714804,-0.9671099024976504
129,0.742258017604159,0.40405403755175606,0.1154863306463512,-0.9644488146941196
130,0.7393585176730132,0.40464016952247467,0.11568090922814517,-0.9618377762389223
131,0.7365056666159983,0.4052251921278649,0.11587508522252996,-0.9592767871320587
132,0.7336994644331144,0.4058091053679268,0.11606885862950556,-0.9567658473735285
133,0.7309399111243615,0.40639190924266044,0.11626222944907195,-0.9543049569633321
134,0.7282270066897396,0.40697360375206565,0.11645519768122917,-0.9518941159014691
135,0.7255607511292487,0.4075541888961426,0.11664776332597718,-0.9495333241879398
136,0.7229411444428887,0.40813366467489115,0.11683992638331601,-0.9472225818227438
137,0.7203681866306597,0.4087120310883114,0.11703168685324565,-0.9449618888058816
138,0.7178418776925617,0.40928928813640325,0.11722304473576611,-0.9427512451373529
139,0.7153622176285946,0.4098654358191668,0.11741400003087737,-0.9405906508171578
140,0.7129292064387586,0.410440474136602,0.11760455273857943,-0.9384801058452963
141,0.7105428441230536,0.4110144030887089,0.11779470285887231,-0.9364196102217683
142,0.7082031306814794,0.4115872226754874,0.11798445039175601,-0.9344091639465739
143,0.7059100661140364,0.41215893289693767,0.1181737953372305,-0.9324487670197131
144,0.7036636504207242,0.41272953375305954,0.11836273769529582,-0.9305384194411859
145,0.701463883601543,0.41329902524385304,0.11855127746595193,-0.9286781212109921
146,0.6993107656564927,0.41386740736931826,0.11873941464919885,-0.926867872329132
147,0.6972042965855736,0.41443468012945506,0.1189271492450366,-0.9251076727956056
148,0.6951444763887853,0.4150008435242636,0.11911448125346513,-0.9233975226104125
149,0.6931313050647744,0.4155658975529322,0.11930141067425144,-0.9217374217717531
150,0.6911647826176017,0.4161298422178956,0.11948793750809467,-0.9201273702850272
151,0.6892449090432063,0.4166926775167191,0.11967406175429565,-0.918567368144835
152,0.687371684342942,0.41725440345021425,0.11985978341308742,-0.9170574153529762
153,0.6855451085168086,0.4178150200183811,0.12004510248447003,-0.9155975119094512
154,0.6837651815648063,0.4183745272212196,0.12023001896844343,-0.9141876578142596
155,0.6820319034869348,0.4189329250587297,0.12041453286500765,-0.9128278530674017
156,0.6803452742831944,0.41949021353091154,0.12059864417416268,-0.9115180976688773
157,0.6787052939535849,0.420046392637765,0.12078235289590852,-0.9102583916186864
158,0.6771119624981063,0.4206014623792902,0.12096565903024516,-0.9090487349168291
159,0.6755652799167589,0.42115542275548695,0.12114856257717262,-0.9078891275633054
160,0.6740652462095423,0.42170827376635545,0.12133106353669088,-0.9067795695581153
161,0.6726118613764568,0.4222600154118955,0.12151316190879996,-0.9057200609012588
162,0.6712051254175021,0.4228106476921073,0.12169485769349983,-0.9047106015927358
163,0.6698450383326785,0.42336017060699077,0.12187615089079054,-0.9037511916325464
164,0.6685316001219859,0.42390858415654586,0.12205704150067204,-0.9028418310206905
165,0.6672648107854242,0.42445588834077264,0.12223752952314434,-0.9019825197571683
166,0.6660446703229935,0.4250020831596711,0.12241761495820747,-0.9011732578419795
167,0.6648711787346939,0.42554716861324116,0.1225972978058614,-0.9004140452751244
168,0.6637443360205251,0.42609114470148296,0.12277657806610615,-0.8997048820566028
169,0.6626641421804873,0.4266340114243964,0.1229554557389417,-0.8990457681864148
170,0.6616305972145805,0.42717576878198144,0.12313393082436806,-0.8984367036645604
171,0.6606437011228047,0.42771641677423816,0.12331200332238523,-0.8978776884910395
172,0.6597034539051598,0.42825595540116657,0.1234896732329932,-0.8973687226658522
173,0.658809855561646,0.42879438466276665,0.12366694055619201,-0.8969098061889985
174,0.657962906092263,0.42933170455903835,0.1238438052919816,-0.8965009390604783
175,0.6571626054970111,0.4298679150899818,0.12402026744036201,-0.8961421212802918
176,0.6564089537758903,0.43040301625559685,0.12419632700133323,-0.8958333528484388
177,0.6557019509289003,0.43093700805588353,0.12437198397489527,-0.8955746337649194
178,0.6550415969560412,0.43146989049084195,0.12454723836104811,-0.8953659640297336
179,0.6544278918573132,0.432001663560472,0.12472209015979176,-0.8952073436428812
180,0.6538608356327164,0.43253232726477364,0.12489653937112621,-0.8950987726043625
181,0.6533404282822504,0.43306188160374703,0.1250705859950515,-0.8950402509141774
182,0.6528666698059152,0.43359032657739205,0.12524423003156757,-0.8950317785723257
183,0.6524395602037112,0.4341176621857088,0.12541747148067445,-0.8950733555788077
184,0.652059099475638,0.4346438884286971,0.12559031034237217,-0.8951649819336234
185,0.6517252876216959,0.43516900530635716,0.12576274661666065,-0.8953066576367723
186,0.6514381246418847,0.43569301281868883,0.12593478030354,-0.895498382688255
187,0.6511976105362045,0.4362159109656922,0.1261064114030101,-0.8957401570880713
188,0.6510037453046552,0.43673769974736715,0.12627763991507104,-0.8960319808362212
189,0.650856528947237,0.4372583791637138,0.1264484658397228,-0.8963738539327045
190,0.6507559614639498,0.4377779492147321,0.12661888917696534,-0.8967657763775215
191,0.6507020428547934,0.4382964099004221,0.12678890992679873,-0.8972077481706721
192,0.6506947731197681,0.43881376122078375,0.1269585280892229,-0.8976997693121562
193,0.6507341522588738,0.4393300031758171,0.12712774366423787,-0.8982418398019738
194,0.6508201802721104,0.4398451357655221,0.1272965566518437,-0.8988339596401251
195,0.6509528571594779,0.4403591589898987,0.1274649670520403,-0.89947612882661
196,0.6511321829209765,0.440872072848947,0.1276329748648277,-0.9001683473614284
197,0.6513581575566061,0.441383877342667,0.12780058009020592,-0.9009106152445804
198,0.6516307810663666,0.44189457247105857,0.12796778272817497,-0.9017029324760659
199,0.6519500534502581,0.4424041582341219,0.1281345827787348,-0.902545299055885
200,0.6523159747082806,0.4429126346318568,0.12830098024188547,-0.9034377149840377
201,0.6527285448404341,0.44342000166426343,0.12846697511762692,-0.9043801802605239
202,0.6531877638467185,0.4439262593313417,0.1286325674059592,-0.9053726948853438
203,0.6536936317271339,0.44443140763309164,0.1287977571068823,-0.9064152588584972
204,0.6542461484816803,0.4449354465695132,0.12896254422039619,-0.9075078721799841
205,0.6548453141103576,0.4454383761406065,0.1291269287465009,-0.9086505348498046
206,0.655491128613166,0.44594019634637144,0.12929091068519638,-0.9098432468679587
207,0.6561835919901053,0.446440907186808,0.1294544900364827,-0.9110860082344464
208,0.6569227042411756,0.44694050866191626,0.12961766680035985,-0.9123788189492676
209,0.6577084653663768,0.4474390007716962,0.12978044097682778,-0.9137216790124225
210,0.6585408753657092,0.44793638351614773,0.12994281256588655,-0.9151145884239109
211,0.6594199342391723,0.44843265689527095,0.1301047815675361,-0.9165575471837328
212,0.6603456419867665,0.4489278209090659,0.13026634798177647,-0.9180505552918884
213,0.6613179986084917,0.44942187555753244,0.13042751180860768,-0.9195936127483775
214,0.6623370041043478,0.44991482084067064,0.13058827304802964,-0.9211867195532
215,0.663402658474335,0.4504066567584805,0.13074863170004244,-0.9228298757063561
216,0.664514961718453,0.4508973833109621,0.13090858776464606,-0.924523081207846
217,0.6656739138367022,0.4513870004981153,0.13106814124184046,-0.9262663360576693
218,0.6668795148290821,0.45187550831994017,0.1312272921316257,-0.9280596402558263
219,0.6681317646955932,0.45236290677643665,0.13138604043400176,-0.9299029938023168
220,0.6694306634362351,0.45284919586760486,0.1315443861489686,-0.9317963966971409
221,0.6707762110510082,0.4533343755934447,0.13170232927652625,-0.9337398489402985
222,0.6721684075399121,0.45381844595395626,0.13185986981667475,-0.9357333505317897
223,0.673607252902947,0.45430140694913945,0.132017007769414,-0.9377769014716145
224,0.6750927471401129,0.45478325857899426,0.13217374313474411,-0.9398705017597729
225,0.6766248902514098,0.45526400084352076,0.132330075912665,-0.9420141513962649
226,0.6782036822368377,0.4557436337427189,0.1324860061031767,-0.9442078503810903
227,0.6798291230963964,0.45622215727658877,0.13264153370627924,-0.9464515987142494
228,0.6815012128300862,0.45669957144513024,0.13279665872197255,-0.9487453963957421
229,0.683219951437907,0.45717587624834344,0.13295138115025668,-0.9510892434255683
230,0.6849853389198588,0.4576510716862282,0.13310570099113164,-0.9534831398037281
231,0.6867973752759418,0.4581251577587847,0.1332596182445974,-0.9559270855302214
232,0.6886560605061555,0.45859813446601283,0.13341313291065396,-0.9584210806050484
233,0.6905613946105001,0.45907000180791263,0.13356624498930134,-0.9609651250282089
234,0.6925133775889758,0.45954075978448405,0.13371895448053953,-0.963559218799703
235,0.6945120094415824,0.4600104083957272,0.1338712613843685,-0.9662033619195306
236,0.69655729016832,0.460478947641642,0.13402316570078832,-0.9688975543876919
237,0.6986492197691886,0.46094637752222845,0.13417466742979894,-0.9716417962041866
238,0.7007877982441881,0.4614126980374865,0.13432576657140036,-0.974436087369015
239,0.7029730255933188,0.46187790918741634,0.13447646312559258,-0.9772804278821768
240,0.7052049018165802,0.46234201097201777,0.13462675709237565,-0.9801748177436724
241,0.7074834269139727,0.4628050033912908,0.1347766484717495,-0.9831192569535014
242,0.7098086008854961,0.4632668864452356,0.13492613726371416,-0.9861137455116639
243,0.7121804237311506,0.4637276601338521,0.13507522346826964,-0.98915828341816
244,0.714598895450936,0.46418732445714017,0.13522390708541593,-0.9922528706729898
245,0.7170640160448525,0.4646458794150999,0.135372188115153,-0.9953975072761532
246,0.7195757855128998,0.4651033250077313,0.13552006655748092,-0.9985921932276501
247,0.7221342038550781,0.4655596612350344,0.13566754241239964,-1.0018369285274806
248,0.7247392710713875,0.4660148880970091,0.13581461567990916,-1.0051317131756448
249,0.7273909871618277,0.4664690055936555,0.13596128636000948,-1.0084765471721422
250,0.730089352126399,0.46692201372497355,0.13610755445270062,-1.0118714305169734
251,0.7328343659651013,0.4673739124909633,0.13625341995798257,-1.0153163632101383
252,0.7356260286779345,0.4678247018916247,0.13639888287585533,-1.0188113452516365
253,0.7384643402648987,0.4682743819269577,0.1365439432063189,-1.0223563766414685
254,0.7413493007259939,0.4687229525969624,0.1366886009493733,-1.0259514573796338
255,0.74428091006122,0.46917041390163877,0.1368328561050185,-1.0295965874661328
256,0.7472591682705771,0.4696167658409868,0.13697670867325448,-1.0332917669009656
257,0.7502840753540653,0.4700620084150065,0.13712015865408128,-1.0370369956841317
258,0.7533556313116844,0.47050614162369786,0.13726320604749892,-1.0408322738156315
259,0.7564738361434343,0.4709491654670609,0.13740585085350734,-1.0446776012954648
260,0.7596386898493154,0.47139107994509555,0.13754809307210658,-1.0485729781236317
261,0.7628501924293274,0.47183188505780194,0.13768993270329663,-1.052518404300132
262,0.7661083438834704,0.47227158080517995,0.1378313697470775,-1.0565138798249663
263,0.7694131442117443,0.4727101671872296,0.13797240420344917,-1.0605594046981337
264,0.7727645934141493,0.47314764420395095,0.13811303607241165,-1.0646549789196351
265,0.7761626914906852,0.47358401185534393,0.13825326535396493,-1.0688006024894698
266,0.779607438441352,0.47401927014140854,0.138393092048109,-1.072996275407638
267,0.7830988342661499,0.4744534190621449,0.13853251615484394,-1.07724199767414
268,0.7866368789650787,0.47488645861755285,0.13867153767416965,-1.0815377692889756
269,0.7902215725381385,0.4753183888076325,0.13881015660608617,-1.0858835902521444
270,0.7938529149853294,0.47574920963238376,0.13894837295059353,-1.090279460563647
271,0.7975309063066511,0.47617892109180676,0.13908618670769166,-1.0947253802234829
272,0.8012555465021038,0.4766075231859014,0.13922359787738062,-1.0992213492316527
273,0.8050268355716875,0.4770350159146677,0.1393606064596604,-1.103767367588156
274,0.8088447735154023,0.4774613992781056,0.13949721245453095,-1.108363435292993
275,0.8127093603332479,0.47788667327621526,0.13963341586199235,-1.1130095523461634
276,0.8166205960252245,0.47831083790899653,0.13976921668204456,-1.1177057187476676
277,0.8205784805913322,0.47873389317644943,0.13990461491468756,-1.122451934497505
278,0.8245830140315707,0.47915583907857406,0.14003961055992137,-1.1272481995956762
279,0.8286341963459404,0.4795766756153703,0.140174203617746,-1.1320945140421808
280,0.8327320275344409,0.47999640278683825,0.14030839408816143,-1.136990877837019
281,0.8368765075970724,0.4804150205929778,0.14044218197116767,-1.141937290980191
282,0.8410676365338351,0.48083252903378904,0.14057556726676473,-1.1469337534716963
283,0.8453054143447286,0.481248928109272,0.14070854997495258,-1.1519802653115354
284,0.8495898410297531,0.4816642178194266,0.14084113009573127,-1.1570768264997082
285,0.8539209165889085,0.4820783981642528,0.14097330762910074,-1.1622234370362143
286,0.8582986410221949,0.4824914691437507,0.14110508257506105,-1.167420096921054
287,0.8627230143296123,0.48290343075792025,0.14123645493361214,-1.1726668061542274
288,0.8671940365111606,0.4833142830067615,0.14136742470475405,-1.177963564735734
289,0.8717117075668399,0.4837240258902744,0.14149799188848677,-1.1833103726655745
290,0.8762760274966502,0.48413265940845895,0.1416281564848103,-1.1887072299437484
291,0.8808869963005915,0.4845401835613151,0.14175791849372466,-1.1941541365702562
292,0.8855446139786638,0.484946598348843,0.14188727791522981,-1.1996510925450972
293,0.890248880530867,0.48535190377104254,0.14201623474932576,-1.205198097868272
294,0.8949997959572012,0.48575609982791373,0.14214478899601254,-1.2107951525397802
295,0.8997973602576664,0.48615918651945655,0.14227294065529011,-1.2164422565596222
296,0.9046415734322626,0.4865611638456711,0.1424006897271585,-1.2221394099277976
297,0.9095324354809897,0.4869620318065573,0.1425280362116177,-1.2278866126443067
298,0.9144699464038478,0.48736179040211514,0.14265498010866773,-1.233683864709149
