,R0_45c01,R1_45c01,C1_45c01,R2_45c01,C2_45c01,R3_45c01,Wo1_0_45c01,Wo1_1_45c01,C3_35c01
0,1.5916422726449933,6.224331260527331e-05,0.0014544479979251104,6.224331260527331e-05,121.42254172778647,0.16090536653487203,1.332579406084794,155.9397933898506,0.013759714406767489
1,1.8100357122057535,0.16681284576842184,100.80288172452205,0.16681284576842184,0.016505214648269546,0.10053486451377118,2.7449217906316563,958.3854372053029,0.0014977416990123588
2,1.4481944706922187,0.1636151331489802,4.16285913050338e-37,0.1636151331489802,0.015654962726436614,0.098583907411394,1.3454345937286725,153.85346009387226,0.001456060035386745
3,1.406268296588129,0.1700051841098072,95.59214845585444,0.1700051841098072,0.016922576300502114,0.10376078171924444,0.7393260195506983,69.43230634537562,0.0014860440098107724
4,1.3873247521766794,0.13966142729015082,0.0012767166736160891,0.13966142729015082,0.02236420801997745,0.06427852395296076,1.3807680222889314,158.38517775449245,0.007762291130165394
5,1.3111361106936992,0.16880163676857624,3.397486215204345e-38,0.16880163676857624,0.015351520897872225,0.09880273982632246,1.3993141377719782,160.1688847254859,0.0014166198691291602
6,1.4593854049083375,4.038318544448183e-31,0.0014020059588618276,4.038318544448183e-31,77.8142293782814,0.17250265343977475,1.3637078303830636,155.91650208488915,0.014152169019108396
7,1.4311833241021528,8.437760671443876e-05,0.0014058639914371726,8.437760671443876e-05,9.743056853051486,0.17297108220813825,1.345015029228711,149.19462825281536,0.01419347505760332
8,0.006316037800914546,0.16932308367327964,2.435080762096705e-41,0.16932308367327964,0.01562760767467085,0.09923792785620354,1.4003940195005027,159.7231038879847,0.001431293026612214
9,1.4452644503467544,0.0011394654570439546,0.001400810084527722,0.0011394654570439546,7.00237312830672,0.17300975108803698,1.3701783246504353,154.41337490727767,0.014136421087911024
10,1.4437387976564977,0.00016662051398518569,0.0014094739798277485,0.00016662051398518569,4.9486975669557225,0.1742011113941246,1.4300827995806138,165.13735275525312,0.014398985614841358
11,1.3932159191113362,0.00020324358160465387,0.0013893384989918693,0.00020324358160465387,4.063061166613008,0.17621223301695665,1.4124351635348316,161.99072528984178,0.014205248012560482
12,1.3940400120280796,0.0017472729679921736,0.0014148574429447577,0.0017472729679921736,4.646107061903193,0.17533835581156434,1.3268328708884212,143.0093607238266,0.014315271439068638
13,1.4574051343588235,0.00017550972806814488,0.0014102183974002713,0.00017550972806814488,4.836730151841656,0.17553942903152786,1.3999866628513795,159.14843152007225,0.0144455267690145
14,1.410283540207812,0.00014939664386072726,0.0014266276802757088,0.00014939664386072726,5.675718122235108,0.17657068320334726,1.329740929364891,143.96979720148877,0.014451801985697996
15,1.4520436880061454,1.48437112727212e-05,0.001431067610392217,1.48437112727212e-05,615.461197758212,0.17809895713567436,1.4002603371347189,159.6349346707326,0.014667304245195164
16,1.4644703613626349,1.976460448787068e-05,0.0013899345949242115,1.976460448787068e-05,643.0216122351992,0.1797377615285475,1.407107072412781,161.96092070163502,0.01440078594695166
17,1.4225183628391316,0.00034772066947804465,0.0014258171842661067,0.00034772066947804465,2.490079202759982,0.17935898221705168,1.4664893525664389,170.31921708046463,0.014497055181552448
18,1.4648568112185427,1.0657527921276691e-05,0.0014204448559913584,1.0657527921276691e-05,968.2811007112175,0.1800126169910115,1.4561416117037147,168.73262917239893,0.014490092161061082
19,1.4230130360045639,1.4398293852034035e-05,0.001431186082001148,1.4398293852034035e-05,638.993767838343,0.18032653530119586,1.410668098807106,160.93984253735513,0.014596723936777013
20,1.498384935338326,0.18346784554641402,92.12492514823705,0.18346784554641402,0.017300695668556406,0.10506541440521408,1.7362880712855198,377.6062232753835,0.0014825790583859956
21,1.5724740467617218,1.2803547051256088e-23,0.0014232142513092012,1.2803547051256088e-23,2.8305757363126545,0.18150046484611163,1.423108950124657,160.19089634550437,0.014834969878970183
22,1.5718680410079635,0.00014970197323015813,0.0013990971618429305,0.00014970197323015813,62.1170488801247,0.18314845688502454,1.53196637775573,188.2535022901803,0.014668822738805484
23,1.48280074613855,1.5962439937504168e-18,0.001404886121319231,1.5962439937504168e-18,0.04407495111574963,0.18170915841590835,1.4303262051862435,162.87176771882193,0.014873411240635574
24,1.4690542482737545,2.4130235434801105e-05,0.001413007747195457,2.4130235434801105e-05,604.794942942728,0.1838969242916195,1.3389574040379544,141.88831446657096,0.01465283986721096
25,1.4097007349754966,1.3781757590929383e-05,0.0014364170566676026,1.3781757590929383e-05,592.1214732221664,0.18298401839271608,1.3722920152536613,148.03366865837208,0.014963532266251104
26,1.2240818371997066,0.09991458017455586,3.6226585567178984e-38,0.09991458017455586,0.0014104735823343303,0.18507883408596928,1.4088797449904267,156.09889314509843,0.014826243827039202
27,1.481863335912461,6.65485999839048e-32,0.0014295818282734883,6.65485999839048e-32,632.9910707865514,0.1855386264806593,1.4175545882025222,158.29164617850114,0.015032521702262602
28,1.3978545268792553,1.5341967193733494e-05,0.0014057650345739477,1.5341967193733494e-05,593.9966017684316,0.18638637783167447,1.3770671179170046,152.2428343126447,0.014980812915571788
29,1.3847514120916895,1.2611596636887571e-26,0.001427568863935248,1.2611596636887571e-26,0.1177090308388989,0.18715924866180098,1.434502329946873,159.76660721065795,0.014957452368542278
30,1.4598201129976414,0.18968495097689553,88.06567759871285,0.18968495097689553,0.017690313898632314,0.10587783539209696,1.8053876243211027,404.4768871824909,0.0014697208752037759
31,1.3757796280612427,5.790379120394739e-06,0.001420207289803804,5.790379120394739e-06,617.8812352849607,0.18713357482008655,1.414071818960318,157.167532762273,0.015211387092061676
32,1.2662257070957739,1.8920116847431487e-33,0.0014032268167105725,1.8920116847431487e-33,728.0007825504947,0.1883368284863785,1.4406854445201167,160.4507673330712,0.01513168287782332
33,1.3350683754245685,6.885719963956935e-06,0.001400978213413734,6.885719963956935e-06,643.4710939788134,0.1889943399482031,1.4072611664657426,154.06877932297422,0.015056150832941245
34,1.304189707182295,1.5452212388744362e-05,0.0014220291730943694,1.5452212388744362e-05,596.0907000406113,0.18871584207819686,1.364799566992474,147.86208634705173,0.015214916292183855
35,1.3188437326546345,2.35549748464477e-05,0.0014073770416199833,2.35549748464477e-05,608.869278867457,0.19006266959664472,1.393205766062026,152.1687983475034,0.01505707991785374
36,1.2658652718077053,0.24997756113819922,0.0014952553355674022,0.24997756113819922,86.59402262420616,0.19533820086832787,1.59130752253816,322.367319287426,0.016704492146373946
37,1.2287746993722335,7.115565421431092e-05,0.0014269518457258666,7.115565421431092e-05,134.21537238338902,0.19043136541971728,1.4163718911664498,154.89416361029862,0.015251845217692695
38,1.195540149645476,6.314987407795528e-06,0.0014563422746450476,6.314987407795528e-06,617.0317320236566,0.18917266908277117,1.4409529095412998,161.53035099895362,0.015416180815485493
39,1.2133732243187572,0.00022267260613726615,0.001434055972942864,0.00022267260613726615,4.254408688044526,0.18960505876170541,1.3276719844396496,137.93947952442167,0.015596560742909125
40,1.302889501186744,1.6555537886686763e-05,0.001433407674978765,1.6555537886686763e-05,589.1737482128208,0.19085232404981942,1.4044142273768185,153.60258572053237,0.015349605791934808
41,1.3201428725908122,5.8436971673354674e-06,0.0014305699491757781,5.8436971673354674e-06,650.3569264310822,0.19298859572087165,1.4157265466488065,153.9808462979465,0.01530521949822255
42,1.3086876161650975,0.243707560455307,0.0014995820510317452,0.243707560455307,81.25078806714922,0.19946681155924553,1.597680567277664,321.3710055332232,0.016916981135376482
43,1.2890075346059968,0.002174219110570718,0.0014520947541297067,0.002174219110570718,4.206889233181014,0.19165757031638345,1.343901272208114,139.3886108482096,0.015607430886975271
44,1.3223610188704886,1.684914111205735e-05,0.0014584597903635704,1.684914111205735e-05,577.9377562845219,0.1934563056153344,1.4046155869837762,151.98734859999837,0.015592924119904485
45,1.3752753254427463,2.4672994758210534e-05,0.0014124399018412839,2.4672994758210534e-05,599.0236194013511,0.19415307400781873,1.417968862463946,154.27262107143508,0.015476645497545422
46,1.2713748645219738,0.2667837797755064,0.001505326301738458,0.2667837797755064,81.19680728743249,0.20051474131866084,1.6190221148424166,330.1707238863877,0.017101706182933545
47,1.1520575964377977,0.0005711869235554346,0.00144019321309945,0.0005711869235554346,17.802415403975814,0.1957844945373622,1.3974845793592234,150.04528581249116,0.015596015588729348
48,0.9609988241295448,0.5025781920805401,5.112831183906686e-40,0.5025781920805401,208.17851856728484,0.257608083070036,1.11356869529422,104.75836185186728,0.0073328279729114034
49,1.1726430238980954,5.0351240013010354e-05,0.001426493842251829,5.0351240013010354e-05,210.5347425045497,0.19635483769790457,1.3865676008181342,143.1120094820446,0.015509499072291606
50,1.1945563098169931,2.5487120588219025e-05,0.0014070458341461877,2.5487120588219025e-05,400.3429591443128,0.19729139116906227,1.414598777820519,151.3079201218603,0.015450413538000142
51,1.2491089175651238,3.98828015768461e-05,0.0014309916146351435,3.98828015768461e-05,24.656824615342884,0.19636279265664697,1.4655045299135714,161.25481425175576,0.01569819781196252
52,1.191771592987879,0.20100776254001215,86.08943069967259,0.20100776254001215,0.0186512637472913,0.10728834330571103,1.7094775163061668,351.60519625630894,0.0014911736216176616
53,1.1059667393646724,0.0004061585580858158,0.001465663834592182,0.0004061585580858158,23.131587455949678,0.19769020457128306,1.3442820280034746,133.91590092559483,0.01587401799771917
54,1.1766540927202163,2.4628152872925763e-05,0.0014549203695996451,2.4628152872925763e-05,387.4025441181557,0.19830619223694493,1.4252454992667056,152.589875137401,0.015682924359195854
55,1.1813419052906229,1.8212666218452995e-05,0.00146556967544034,1.8212666218452995e-05,562.5411731159116,0.19774261363633414,1.4363371984453,154.9817717223976,0.016029065614089368
56,1.1333793774536207,5.186489951755399e-05,0.0014423519320636178,5.186489951755399e-05,190.01119221337962,0.19876980578230347,1.4317154415396667,152.8455377296215,0.01583652174489515
57,1.1905320340702366,6.349601300788523e-05,0.0014277327159336595,6.349601300788523e-05,160.11668618861188,0.2009265474799521,1.4462933338662505,154.34150342995463,0.015730174345198546
58,1.1015176120104178,0.24360856463482208,0.0015190079812806736,0.24360856463482208,79.87753677165016,0.20701228825900714,1.601413144614212,320.36668554691545,0.017505672593514106
59,1.0698101064254641,5.64646339663575e-05,0.0014244924782074817,5.64646339663575e-05,183.00952837227888,0.20214086359853992,1.42687778202925,149.82334629598233,0.015688719673576785
60,1.1242015709958526,0.000534314968970052,0.0014427663015494363,0.000534314968970052,18.324132621149136,0.20009075038694144,1.4162952601000536,150.89114863393283,0.016012296471018046
61,1.0839164857622852,8.575255162786386e-05,0.0014463433274403484,8.575255162786386e-05,119.59598205719317,0.2005218831237167,1.457152161504759,159.9279944205466,0.016017992758471752
62,1.0130916756819417,3.5552368738492994e-34,0.001459733936481594,3.5552368738492994e-34,4.507051876137516,0.2012432687876945,1.448078003105431,151.6427249447155,0.016049755495385624
63,0.9977560836125271,0.20678212859845654,81.83663413564203,0.20678212859845654,0.018649163391024924,0.10636784633686579,1.6739869356067274,337.4772663539618,0.001488266772473587
64,1.040016531040087,0.20654318545824019,77.57663844848888,0.20654318545824019,0.018839754983174053,0.10752653763415422,1.971176655099448,480.6130722999298,0.0015008242533725812
65,0.9450026584553415,0.22973410943256603,0.0015243710844897716,0.22973410943256603,69.7969194942979,0.21067235622892766,1.1116547364455365,161.32113440481493,0.017728347176466753
66,1.0129359678607706,0.00011210229255919905,0.0014430770072257559,0.00011210229255919905,9.160500017981343,0.20321871766355812,1.4122233721684667,145.41313412060197,0.01612383882783953
67,1.042957048784566,0.00048616852799138714,0.001430168712498073,0.00048616852799138714,2.1253035037125994,0.20358787409812976,1.5560593532605895,175.94297196961006,0.01626491242307582
68,1.08301749690201,0.00017726642280747515,0.0014295703169968596,0.00017726642280747515,58.57914800822202,0.2051729610285446,1.4554630658924517,155.06903711590573,0.01605493985956655
69,1.0565247493120393,0.0005536194670834087,0.0014451892364620164,0.0005536194670834087,1.8966278625577764,0.2055554843827589,1.486416892982419,163.9769061402687,0.016263176999487764
70,1.0003069046843374,0.000334548924565663,0.001432408773624148,0.000334548924565663,3.1137670293159263,0.2054344917896472,1.5319753458647953,170.54083584172596,0.016299342389796776
71,0.9982348890038445,0.00011671545365513072,0.001447673946931024,0.00011671545365513072,85.49767809508711,0.20507686951021223,1.449348031561378,150.60895103173982,0.016257762155364237
72,0.969946130016347,9.329684235612361e-05,0.001458695161275624,9.329684235612361e-05,105.75348574655978,0.20646518689273835,1.4612200886618667,154.64589916373666,0.0163649503476192
73,0.9828792873060179,0.00013622338136407228,0.001436205667023668,0.00013622338136407228,80.05066677063984,0.20721105146254928,1.48089076470021,154.0344019505631,0.016184708743121008
74,0.9395059478375513,0.22475490539246887,0.001483030501099244,0.22475490539246887,72.78331901838983,0.21523827348495045,1.5975316181102825,325.5990970623653,0.017925593474455246
75,0.9177071804346189,0.28647317553463036,0.0015342688930333112,0.28647317553463036,76.27884472623005,0.2145513097487634,1.5886717289818009,304.8043050386162,0.017776636083555987
76,0.9099247123534262,0.0008696733875933211,0.001431398761324767,0.0008696733875933211,1.1935484406514685,0.20670711752764437,1.5380697901589913,168.8849342372427,0.01638134453706915
77,0.8812563144466686,0.21150804271602552,81.11246754434838,0.21150804271602552,0.019279483348919182,0.1073260469877191,1.6584510596489823,323.3525152329538,0.001535614849942429
78,0.8648477334994694,3.424291764186639e-30,0.0014725208128888697,3.424291764186639e-30,0.2010311045408199,0.20785520907699348,1.4737387239635935,156.0622074350719,0.016486666108901524
79,0.8691684365182255,0.00019036509418717958,0.0014280435393344167,0.00019036509418717958,55.65100214183947,0.2095471436191149,1.461111138306278,148.96781907612348,0.01641120972140722
80,0.8224011528032859,0.00019650026253569767,0.001464687683663515,0.00019650026253569767,0.25680599347013494,0.20990077856850872,1.4494692899637414,149.5898646012019,0.016514294383102934
81,0.820676720621708,0.21285890375859115,81.42812056611844,0.21285890375859115,0.01941172637393504,0.10800684904131205,1.6882139905726217,332.9506595129195,0.0015400351071237467
82,0.7994424735016918,0.0002513564752932142,0.0014461023735497277,0.0002513564752932142,44.3889149150919,0.2093669046981845,1.4362372366380627,148.37984890760399,0.016437500754955158
83,0.7834513848817183,0.21372734062809395,78.40304081803322,0.21372734062809395,0.019429523805704632,0.10821276775051751,1.6723705384243686,332.54044367121975,0.0015271219275391364
84,0.7586888751386688,0.10841453651220598,72.08358104437846,0.10841453651220598,0.0015113010726510875,0.21883012690638176,1.630150772713101,334.8817067535463,0.018233098239862175
85,0.779687792529934,0.06563975041965725,0.0011522661731079645,0.06563975041965725,0.007550806091069106,0.19220072018926482,1.4751020277171547,156.52768349580083,0.020884593802682136
86,0.7368471477770161,0.10841113481419064,70.33709365128965,0.10841113481419064,0.0015197938893288876,0.2185827680855879,1.6363412100402857,340.66808887458086,0.01829471595585477
87,0.7262396728823719,0.0003360544916972857,0.0014695711277921664,0.0003360544916972857,0.14933889286174878,0.21190120896673487,1.514297107402413,159.18828479010475,0.01650578656445881
88,0.7028317129275229,0.001440916934512841,0.0014449491393142958,0.001440916934512841,7.296102027318903,0.21149055688900753,1.411337517521015,141.0415682666341,0.01660585855484462
89,0.7068605562730365,0.21841361443380192,76.4807625166838,0.21841361443380192,0.019379908651038873,0.10854982091521335,1.715013330345365,347.8694148793051,0.0015204906579744269
90,0.6988732064431521,0.00031428850602837423,0.0014609484013115572,0.00031428850602837423,3.5058267501797156,0.2140421306255554,1.540465191256253,165.89877650557324,0.01676259754121617
91,0.6849296005684978,0.10920578063271717,67.27822448121651,0.10920578063271717,0.0015291793435189545,0.22333658288481562,0.6760756511997461,55.74691474084953,0.018204737787856973
92,0.7279082705084486,0.00026631990184966867,0.0014350404502010993,0.00026631990184966867,4.139140877433167,0.21507262917393938,1.5222339820255695,162.90349728709208,0.01671791200922
93,0.7144860017713088,0.00048346946375326435,0.001474530925699612,0.00048346946375326435,2.267667598477261,0.21477769146649794,1.426143395404409,143.25254036526212,0.016826183942935783
94,0.7106979211997821,0.2200721729429875,71.20661648275367,0.2200721729429875,0.019657265475694498,0.1095640775799263,1.068185335695993,135.68773900462764,0.0015293638002555371
95,0.7151715636455072,0.00027363597615584647,0.0014539172281342807,0.00027363597615584647,4.061051799026439,0.21656807855710522,1.4591677481297043,144.92572661327722,0.016863700233756915
96,0.7147807016926153,0.2674611053449311,0.001508577850646469,0.2674611053449311,71.74027106076751,0.22607920500901404,1.6227384855782208,316.17930358995574,0.01820400138045297
97,0.6981604606563869,0.0002830488734600057,0.0014547581845805874,0.0002830488734600057,3.9376229268361755,0.2171102047458184,1.5182901146697052,159.76176373185405,0.016792110231645185
98,0.685397710257117,0.2482890831670585,0.01961414684500573,0.2482890831670585,78.35007894985566,0.10869945963544109,1.681318025754518,319.5444087086436,0.0015151720017998647
99,0.710492346068573,0.22246318168621623,72.0404021593648,0.22246318168621623,0.019746802606562197,0.10912833351574559,1.7374541209861838,362.632266449713,0.0015400262276969536
100,0.7120419745324583,0.2554161483115775,0.0015272300521261912,0.2554161483115775,72.0354652609516,0.22738034752173314,1.605059271387634,310.09298558458227,0.018368554805156836
101,0.7210668273208188,0.23340789491657546,0.0015045284189314906,0.23340789491657546,70.15634415383487,0.22806591465869533,1.6271674608419668,325.04447479291105,0.018364641424822227
102,0.6927604329790269,1.0333924339560955e-07,0.0014577686793367797,1.0333924339560955e-07,0.00023971815971338356,0.22041796275327177,1.5079258025488491,155.62195617222685,0.016926602313114394
103,0.6859601982818185,0.22503385085102598,74.7846910548649,0.22503385085102598,0.019846180309965187,0.10999931902084374,1.7024045663914529,334.0967335469283,0.0015291932185997567
104,0.6848040521519752,1.1691001757100417e-11,0.0014320170905649558,1.1691001757100417e-11,0.05196372820047341,0.22132293087497604,1.5081387065658958,155.19417916224143,0.01695346723069422
105,0.6670206291185641,0.22543977995242515,77.98161644689189,0.22543977995242515,0.019879065872667186,0.11040980101402106,1.685201451831679,316.97101286245186,0.0015207410420113104
106,0.6692950114154188,0.2257235315182247,76.96311796527883,0.2257235315182247,0.0202188991466215,0.11096086686545753,1.692233406079482,322.56773339158127,0.001576058544598959
107,0.6646704324545656,0.22656131481745165,74.51759943433103,0.22656131481745165,0.020042194338781457,0.11095946226811568,1.7163278628626812,339.68294858018015,0.0015270230724539193
108,0.6695115403291549,0.10997995969807486,65.15469312249706,0.10997995969807486,0.0015175653500402394,0.23202680256444003,0.6543074297262452,52.47624568543746,0.01862551235842137
109,0.6838876366032629,0.00029121821355841253,0.0014023886562992876,0.00029121821355841253,3.9390178023341402,0.2230643940830457,1.509718494985287,152.12776695343717,0.017130601853502292
110,0.6903395612122287,0.0011862168469711643,0.001427960661671045,0.0011862168469711643,0.9776399229077425,0.22297935656924342,1.4848936651563929,146.27155972830616,0.017188977995229535
111,0.7205854246273026,1.1899876852518787e-05,0.0014182711363904356,1.1899876852518787e-05,5.175980012866087e-15,0.22472933424301722,1.5184903569352395,155.82146661458574,0.017202684173351582
112,0.6896631155092109,0.19573306491987563,0.001089760628658203,0.19573306491987563,0.024806762728404715,0.07280446501951031,1.5282606699245018,156.57872987854637,0.007682097940952912
113,0.6932610812177162,0.2601990429690729,0.0015061651173310048,0.2601990429690729,70.29619336960742,0.23304369757469312,1.6125772873969222,310.9349234519715,0.018751477112251832
114,0.6843565356346847,0.06672987686168146,0.001106862680849972,0.06672987686168146,0.007638805226899465,0.2042994226480096,1.5098652067474676,155.3202194382482,0.02148480568237933
115,0.7226706093455945,0.23424663381485364,0.0015308022715460766,0.23424663381485364,67.81910626491134,0.23277503714489722,1.6298209272306416,324.3876548485026,0.018746294486295546
116,0.7018833538109119,0.2314014087978613,67.79013643730082,0.2314014087978613,0.020020745769923052,0.11052024332634022,1.0471991050591525,128.73385681289784,0.001521787155968145
117,0.6970749678612074,0.1974493997897937,0.0010880656385746665,0.1974493997897937,0.02493549172023388,0.07312950027405957,1.5398186470071853,156.44957877870422,0.0076717903868260065
118,0.7159247654608392,0.11115079827184118,63.769888236633506,0.11115079827184118,0.0015197766612448898,0.2365993215726079,0.6739920632959604,54.52541428549922,0.018834730343051095
119,0.738183793205293,0.23183739796730143,71.47865205806605,0.23183739796730143,0.020215294961743284,0.11088596634768098,1.6987228457403138,331.2022384466204,0.00155251324643068
120,0.71879153341092,0.19871595395768243,0.0010903449028099354,0.19871595395768243,0.024564656397123488,0.07261755854777753,1.5309614162224001,156.11237569777992,0.007286471728956943
121,0.6864359832031268,0.06710300942655904,0.001086366854095229,0.06710300942655904,0.008013810018926542,0.20544901739410468,1.5158202867671806,154.99937853268744,0.021693399298190103
122,0.6945072505228227,0.00031983451547325063,0.0014392505623266965,0.00031983451547325063,3.696667877106654,0.2279107076130239,1.905686988957336,237.2856035486921,0.01740203290351765
123,0.7141973013606615,0.2347050162395038,71.94690042264119,0.2347050162395038,0.020296881596250767,0.11180335544326879,1.7072461953998181,327.9875505194667,0.0015004968498433865
124,0.7422421446429728,0.23580575306919413,65.45017963284027,0.23580575306919413,0.020343966335597433,0.11227208987568159,1.1078130608712526,141.90931530842644,0.0015156340472621411
125,0.7358770612778782,0.0003727608288310812,0.0014258624404503701,0.0003727608288310812,3.1576628873616728,0.22889622363394213,1.8560428982858335,226.0065325806604,0.01730491459350438
126,0.7053577912943849,0.000414629669705522,0.0014084455003463173,0.000414629669705522,2.8370684934763677,0.2293326839489794,1.919486226599332,238.25911220701818,0.017293211085505782
127,0.7134564432612958,0.23561612492951517,70.03687634036423,0.23561612492951517,0.020343194848794606,0.11138614653846272,1.7221908487396484,338.9924758966148,0.0015149835957340098
128,0.7068810249415204,0.2013988713358545,0.0010639196125059175,0.2013988713358545,0.02531636851729647,0.07431132659512797,1.5331357706881277,154.08105781763618,0.007606407172089555
129,0.724805732967855,0.23734969041537074,65.1938516109521,0.23734969041537074,0.0204155235853651,0.11229835011459952,2.0983948589113965,514.5051473875243,0.0015228795864016722
130,0.7310664781654389,0.2364108746433069,69.53824822897825,0.2364108746433069,0.02039033433558397,0.11132851619452844,1.7414519759429248,345.2708519584444,0.0015133901146018864
131,0.7262506272988486,0.2733686392600685,0.0014935949588041181,0.2733686392600685,67.9964550227862,0.23975800523754817,1.6484571959725196,313.0970624191033,0.019019163364097633
132,0.7147970865900832,0.23669466523095178,72.83746844057386,0.23669466523095178,0.020189068675797322,0.1101197838647267,1.7012071749393485,307.4692904507904,0.0014875122477406681
133,0.7323954828063186,0.23832571781658116,70.72512629286713,0.23832571781658116,0.020411774915758987,0.11207593129971626,1.7128562271591223,327.25708916859884,0.001495565827077537
134,0.7421554845963627,0.23958577215230642,67.88099099459556,0.23958577215230642,0.020430581221368913,0.11243246026517595,1.7834136014616122,360.85056838770157,0.001508274695182913
135,0.7393316616808044,1.6498815209063266e-05,0.0014216077627992511,1.6498815209063266e-05,914.8929515886292,0.23354811229163858,1.6186655794608222,164.7607436591175,0.01757468486050581
136,0.7121566424383738,0.2032281196088056,0.001060003433475321,0.2032281196088056,0.025267334903930752,0.07379444895974753,1.5305297903188821,153.2778045459013,0.00747326586513206
137,0.6936013626377654,0.24221285852905072,0.001532301599850894,0.24221285852905072,66.17482816315838,0.240879919325683,1.6499520657010793,322.1838267515165,0.019141809908558766
138,0.6972062402874192,0.23832110884370786,70.2397341651668,0.23832110884370786,0.02055198994197725,0.11110801730641774,2.9503061359161222,972.3054070468486,0.001527540336113466
139,0.6813998805924066,0.2507652053695908,0.0015417411189922827,0.2507652053695908,65.09143815934455,0.24342440240454422,1.633359930954206,316.68960183717616,0.019279689117068993
140,0.6718404463098689,0.23961953957897522,71.71330315628865,0.23961953957897522,0.0207127721867233,0.11333593985040294,2.9067650276647012,917.9838486772808,0.0015123751578632971
141,0.6835246053054803,0.24082613533106373,67.28934504379426,0.24082613533106373,0.020731345914850766,0.11266676603204233,1.7685599231252114,353.8571883006373,0.0015234160835361928
142,0.6987438315268321,0.26268923067299477,0.0014920011973872686,0.26268923067299477,66.54594455688711,0.2440552687279297,1.6445523490098504,313.99798935783423,0.019057524262557326
143,0.7191545184083292,0.3002616264750585,0.0015200429691199198,0.3002616264750585,65.2762906808798,0.24401211829028838,1.6108191640120253,294.86787867118335,0.01928724194472976
144,0.7335018036303197,0.3037521057668549,0.0015413342427923415,0.3037521057668549,64.0047252392005,0.2457904061853631,1.5499597095621467,273.2614244153342,0.019311164217676927
145,0.7364313605464013,0.2426574750656234,70.86450158967392,0.2426574750656234,0.020666252766875972,0.11329572404059125,1.729543591630462,325.85617445858463,0.0014918231452833097
146,0.761447171908772,0.24354865759304226,67.63120507401503,0.24354865759304226,0.020602424087821775,0.11251044681023523,1.4668276393210806,227.79126031866684,0.0015057766171942932
147,0.7632203168746334,0.0005916728225734825,0.0014403891223956954,0.0005916728225734825,2.105790979387547,0.23755736087297608,1.7045023875727283,183.59759030540107,0.01779790862280581
148,0.7676880688357801,0.24467855496258395,63.68463954935456,0.24467855496258395,0.02073231669690591,0.11278390164817648,1.8408198714279294,391.0591081618144,0.0015259802762644169
149,0.7778106878735,0.11286230027984591,63.49185828623051,0.11286230027984591,0.001527784668937193,0.2480785384590441,1.6490323908829532,320.89939578779894,0.01943991509438664
150,0.7663525617443083,0.0006329728260916233,0.0014146483939699312,0.0006329728260916233,1.9866796858824662,0.23940713191435875,1.6988156435419641,181.03461146566966,0.01782294667248865
151,0.7670250272574559,0.30494558794069804,0.001497955046450435,0.30494558794069804,63.39073694917915,0.25040465868454304,1.6312610460011199,301.4859287103829,0.019293607088395295
152,0.7801845994904918,0.24463017234788018,66.06601128525097,0.24463017234788018,0.020802391120816045,0.1133719976296367,1.7497051326659494,342.3468772835561,0.0015276013263297579
153,0.776559100613679,0.0006803472859845193,0.0014102818437495964,0.0006803472859845193,1.8418466349271843,0.2388829541696757,1.6633072448051682,169.64842691130025,0.017835803531730764
154,0.7867501646971201,0.0006175915542338025,0.0014196260501788602,0.0006175915542338025,2.043493830586859,0.23922305735105226,1.7018629124156364,181.657134658931,0.01788360809768872
155,0.8004192057797151,0.0006992140272062578,0.0013959622103661756,0.0006992140272062578,1.8068378568766177,0.24087037822832166,1.6870786523144057,176.9646397248013,0.017840498080534367
156,0.8084911381368065,0.24713693368397244,66.75992553611655,0.24713693368397244,0.021006373405163446,0.1138562923296539,1.5981725176271173,267.70610523971567,0.0015046959005968964
157,0.8039720660586395,0.24740838418341415,67.95009558751494,0.24740838418341415,0.020922435956398464,0.11338121253027192,1.7609949856706753,336.20757341623363,0.0015476955953826685
158,0.7854936387311611,0.24698113365729582,68.41347370405113,0.24698113365729582,0.020861455562109978,0.11382533231327122,1.7344126079401632,327.4042130729801,0.001502406786320502
159,0.7837560748416612,0.2894359449737794,0.0014954426359883326,0.2894359449737794,63.819705518834006,0.25041979218356586,1.6714418394317991,316.58961632181513,0.01956099366712359
160,0.7622863540970589,0.0006966499492499488,0.0014214420860466641,0.0006966499492499488,1.8155779019346332,0.24036824677853807,1.6814886396373008,172.1383302663644,0.018062846767659003
161,0.7592102598556454,0.0714759237265875,0.0010046413083177655,0.0714759237265875,0.007363392826192761,0.22326123439762152,1.5267920949604312,148.33053549438708,0.022198790676383768
162,0.7585099429672476,0.07186890679479223,0.001007209462734107,0.07186890679479223,0.007491456345113586,0.2227402818422395,1.5331015906766492,148.69953054515966,0.02239592826931423
163,0.7687430619015267,0.2502070911763788,62.79586249686794,0.2502070911763788,0.021102136316020155,0.1148369782698018,2.0230521185686436,456.88250857114923,0.0015076729951582816
164,0.7647640935833323,0.28474881942675534,0.0015308287324675512,0.28474881942675534,63.36063166701502,0.25217762399622184,1.6628133911102492,312.6173963936963,0.01963283713065326
165,0.7698273861786731,0.0007347284716454988,0.0014256935554295962,0.0007347284716454988,1.7487786142412813,0.24282241628684673,1.672497880092964,172.83406627016652,0.01810287832882574
166,0.7846304599755358,0.000760609986712116,0.001426849268768191,0.000760609986712116,1.7015310572829556,0.2436292011737491,1.6725892850610584,171.91896715714827,0.018188580897349073
167,0.7799264330786113,0.28234424420336607,0.0015205985071644324,0.28234424420336607,63.01571812075746,0.2545168190218088,1.6550751956873702,308.64490093061903,0.01978301996213793
168,0.777854233945167,0.0007790677298854452,0.0013999573226503859,0.0007790677298854452,1.6655893221440872,0.24585324064787664,1.665025419334156,169.29672917814707,0.018118863492031397
169,0.7779773986647313,0.0007980391590246034,0.0014217844363763272,0.0007980391590246034,1.6392184860604448,0.2452254322708802,1.673317977191047,172.71685791434763,0.018263427584744123
170,0.7643971362146383,0.07227259613115371,0.0009743050152876509,0.07227259613115371,0.007778003455604214,0.22258830341077074,1.5158833603285466,141.49940629550622,0.022833150540646573
171,0.7664229996272182,0.2511540192477416,62.128853602267526,0.2511540192477416,0.021300751029321822,0.11504187633977306,1.9009563688851168,404.7468645746714,0.001525753370543096
172,0.7578195451139245,0.25291238982156383,62.80119700927424,0.25291238982156383,0.021269807803132517,0.11516065688057898,0.7252332630288729,57.2445146647936,0.001490472186367283
173,0.750128441180457,0.11439665907440981,62.63667597899232,0.11439665907440981,0.0014799510704680272,0.2576186331760271,1.6862321670025087,316.4773146092715,0.019711199478558827
174,0.7340194773252862,0.07269166138202154,0.0009575685023263705,0.07269166138202154,0.007590238620962534,0.22662833240504587,1.5637816821947734,152.16905065471636,0.022637078379915673
175,0.7409987567469397,0.25881913061559725,0.0014683284868352803,0.25881913061559725,55.3088939195925,0.2580509545003526,1.1669480789439548,161.198571108625,0.01982431127341799
176,0.7416261940290819,0.2529846057717295,62.313472244745505,0.2529846057717295,0.02128626644465313,0.11425344383013329,0.8196505637587769,74.5602403822666,0.0015363824241156623
177,0.7429709294434464,0.25495887325262895,60.43908338065714,0.25495887325262895,0.02117417725122483,0.11405038261068379,1.0169306864083372,115.69417276635944,0.0014954821134895338
178,0.7443656305596474,0.0008168965397284873,0.001397670530419248,0.0008168965397284873,1.613398085012905,0.24904330347119477,1.653052734416489,164.83298520656984,0.01825631347030945
179,0.7443809136148902,0.2655924975109482,0.0015370650172307914,0.2655924975109482,62.13892611236284,0.2588540457695715,1.6781306463419232,317.98198688308486,0.020106369273475467
180,0.7410923935182283,0.0009146711359374946,0.0014175561379711906,0.0009146711359374946,1.4384332219853253,0.24954151027603513,1.6576670825945423,164.80699958156245,0.0184177714744971
181,0.7427293303302571,0.2917990983874281,0.0014996031543431107,0.2917990983874281,62.88895779140245,0.2601511774279286,1.683119542219102,311.98210068151184,0.019839829726682006
182,0.7435626026895422,0.25656481600179437,67.74759417725313,0.25656481600179437,0.02136723362209506,0.11541821773814807,1.7748387121508844,322.56637467370996,0.0014850069389988011
183,0.7460861283562662,0.25730813213823367,66.83748593946144,0.25730813213823367,0.02146029815625628,0.11555527116993672,1.7747707164906061,323.08334170220934,0.0015069089505154343
184,0.7488110607541695,0.0008471978491277795,0.0013818701671906523,0.0008471978491277795,1.5750152241618027,0.2520539813250816,1.650768925869733,163.09478697100374,0.018416354461608088
185,0.7551086340458582,0.11530626680560054,61.49545095584689,0.11530626680560054,0.0015097656800799192,0.2629870820138087,1.691112838746859,311.28215844877684,0.020001308850906688
186,0.7584388142446137,0.2590029313502513,63.05307681797412,0.2590029313502513,0.02171825639075303,0.11754894064245296,1.7859655439301514,343.46620927569495,0.0015114540605645971
187,0.7606748982493525,0.29477975211208207,0.0014843133719543112,0.29477975211208207,62.09888540450593,0.2635623590690091,1.6882403909845447,311.9955554108882,0.020022875438504232
188,0.7637084389722002,0.2943859777018546,0.001500090684701161,0.2943859777018546,62.08289945346818,0.26336274313679175,1.68889187954445,312.13433292303506,0.020060670472388353
189,0.7658111609083215,0.26255498327421994,0.001469445780935593,0.26255498327421994,60.56603589996508,0.26516183820663003,1.68822430223727,320.75801699494,0.019998803778562835
190,0.7677985603855366,0.0007849884879995609,0.00139480690209095,0.0007849884879995609,1.7262024435358865,0.25427641302369774,1.5947734116630896,152.28458948074442,0.018617945116481977
191,0.7709472034164828,0.0008127940486002602,0.0013831683588507123,0.0008127940486002602,1.6746952319340707,0.2540214471079977,1.4807975323748548,128.16163413961254,0.018490489023855493
192,0.7776420083872712,0.25919572509045313,62.79056539765434,0.25919572509045313,0.021726275239183065,0.11578716915575427,0.7484190722396867,58.19984970423646,0.0015223920975344183
193,0.7819492494218454,0.25950341917251435,61.21764593003517,0.25950341917251435,0.021542204751952107,0.11527275196400587,0.904273499894783,89.36913191269474,0.0014875336927124216
194,0.7841155784160377,0.26054685685140216,60.54609701063823,0.26054685685140216,0.021518579189455635,0.11534268155053322,1.7889706066180668,352.0573698054739,0.001487593390755415
195,0.7871568533351251,0.253180777588243,0.0014890843948749237,0.253180777588243,58.41939218387353,0.2647496037094235,1.687076107374702,326.5805248294729,0.02040957270504767
196,0.7901970483539799,0.29098639556100825,0.001516339706343489,0.29098639556100825,60.73904492587137,0.26531248225027954,1.6807568887942663,311.2968142925151,0.020397683873196622
197,0.789140876158636,0.2627049863692297,59.96242796527375,0.2627049863692297,0.02156911527928641,0.11624252539102878,0.9619580903591107,100.45245269243944,0.0014855898886609465
198,0.785663947514557,0.0008026804534803217,0.0013967461869024823,0.0008026804534803217,1.7117382006539226,0.25477621774958936,1.6214331151398726,156.38180626945956,0.018692362512883393
199,0.7848444671019768,0.2710573706359237,0.0014791831009677758,0.2710573706359237,60.799737586160425,0.26474363466291617,1.6951449922933568,318.22955498037516,0.02028664790373958
200,0.7842131460834986,0.26151467493703523,66.66355781976795,0.26151467493703523,0.021850731366046428,0.11626908002121372,1.8015471341401306,325.5134291675991,0.001511228653644081
201,0.7821496452415938,0.2632432061307975,0.0015102042997082795,0.2632432061307975,58.72231325675144,0.26745886174273126,1.6942506302831128,325.1629481213306,0.020389331039302006
202,0.7711998400610556,0.22671729111209438,0.008621039053164808,0.22671729111209438,0.027053589690466506,0.07245454892452427,1.5622216780940898,143.98288991762962,0.0009285994195410421
203,0.7781286306678636,0.0009451785939087028,0.00137919180465701,0.0009451785939087028,1.4630590518291056,0.2568862908256052,1.6007545896261068,151.9799005514359,0.0187010079386727
204,0.7806268764185775,0.2627559495449843,65.62386510674268,0.2627559495449843,0.021922573669548563,0.1165987802383307,1.7826586088913325,322.18835366231946,0.0015000599326061373
205,0.7800710685655072,3.96477693953517e-34,0.020803927604990682,3.96477693953517e-34,67.87454655350358,0.11289326333004994,1.6572748885105812,156.58516318650112,0.0013920024261973318
206,0.7734202142771741,0.22821652515825014,0.008638383623165215,0.22821652515825014,0.0267097062137098,0.07241970647878027,1.6584680936509066,157.22125441239018,0.0009450622023982803
207,0.7850647156127949,0.26576404996638636,60.27779756689018,0.26576404996638636,0.021923924905361696,0.11642370502597622,0.8525721893165433,77.63929599751727,0.001523204596267368
208,0.8314862277199652,0.3370275572900942,508.0302326770381,0.3370275572900942,168.30444123835233,0.32354404320799923,1.1690149621152421,95.87809043503451,0.010761193184307795
209,0.7848791518514069,0.31897242303412016,0.001518511063572052,0.31897242303412016,59.53686668346219,0.2687965116672452,1.706229504053803,316.0288802126008,0.020549215638789923
210,0.7720965615255067,0.22803837523871665,0.008462213156679527,0.22803837523871665,0.026928791898607304,0.07217078481407957,1.6461613285213457,155.3448948742719,0.000907360623666042
211,0.7787149503305841,0.0009844845133564221,0.020814800340925897,0.0009844845133564221,17.07143490442628,0.11332155666433975,1.6290039317927367,152.72605609747467,0.0013812748600564159
212,0.7798057625389101,0.2927845448479827,0.0015031209501806925,0.2927845448479827,61.2796778873068,0.27101215629449743,1.7262015397835797,318.1418254460671,0.020473346582985528
213,0.7779666384949815,0.11824282102107755,55.993346443280686,0.11824282102107755,0.0015270920060341934,0.27178793324751016,3.665705704028142,1462.4861855158492,0.020783234990287655
214,0.7778664555641533,0.26897167737302186,58.237142041460515,0.26897167737302186,0.022166460657806808,0.11825268348268105,0.8789602528990411,83.48720092331646,0.0014967923360202124
215,0.767204016955103,0.23039042316776,0.008473568477088389,0.23039042316776,0.027402976349936346,0.07298080600256804,1.5677476748769656,142.61411729945797,0.0009031482090737351
216,0.779228849730232,0.26791317919678864,59.53796318196443,0.26791317919678864,0.021972969612973813,0.1172864707056025,0.8486517388657848,76.71187542222005,0.0015122398017008642
217,0.7703078442092406,0.07114511521974508,0.027403704208475887,0.07114511521974508,0.0009157471602575813,0.08113120787808734,1.6155859809053557,150.8432127851359,0.007554878315834613
218,0.7825956055884231,0.2699316184117359,56.91153400860326,0.2699316184117359,0.022276688515729386,0.11837722801325193,1.0279350604801498,114.01383814976639,0.0015241889585179327
219,0.7824167548990327,0.2519983714783792,0.001487701884839361,0.2519983714783792,53.96418032961297,0.27541572158281746,1.8683639142404893,402.8026284060941,0.02071899249952792
220,0.782773743473518,0.11810378470186397,58.866415440503175,0.11810378470186397,0.0014834784338914123,0.2753093226782549,2.9414828988175605,912.2702483991328,0.020653816944026397
221,0.7821431402776192,0.2694339631014221,62.817836164001406,0.2694339631014221,0.02230038926805489,0.11849574296165347,1.8098548878679728,336.45322370344996,0.001500705444924079
222,0.7816283131165344,0.2706698894330651,65.08603160041297,0.2706698894330651,0.022056209159742022,0.11707115544215675,1.8125279647878487,325.42727474664076,0.0014875301306787872
223,0.7808896578884548,0.2970723981421798,0.0015093068101529317,0.2970723981421798,60.024709270615986,0.27494695920671997,1.7190982518375417,314.311207020163,0.02073220296904439
224,0.7810216402870082,0.3301971599626138,0.0014807101662864227,0.3301971599626138,58.158266295706625,0.27620388788595873,1.7223159673535502,317.07437424299656,0.020748585041174352
225,0.7710561949012189,0.23451589735918374,0.00878137025940413,0.23451589735918374,0.027686860527625617,0.07447953915842924,1.5707657895803242,140.42915454281754,0.000903123867176161
226,0.781104346108799,0.11882279130199212,52.567821056448516,0.11882279130199212,0.0014971294628588897,0.2778767581510871,3.7649033441549253,1641.5079046581557,0.020946088110691534
227,0.7701443522345925,0.2352755813298846,0.00842201918460221,0.2352755813298846,0.027194397995013844,0.07326320406993768,1.6767431683446492,156.29722774601592,0.0009031366035689298
228,0.7705538215526287,0.23498908096968463,0.008667246403758171,0.23498908096968463,0.027606594307937972,0.0740680720324404,1.6428907967774953,152.74943111426643,0.0009086682812779891
229,0.7822303939646124,0.2732855498653482,64.26658536980177,0.2732855498653482,0.02237449701036264,0.1190724963106117,1.8127136410041595,323.4266454461721,0.0015272735548683154
230,0.8299799010376058,0.1957623418200498,1108.8509517113669,0.1957623418200498,119.88744961620807,0.33321486981118914,1.3431913849697084,124.25666436495155,0.011094395520303094
231,0.8310332855217354,0.10897992299432441,153.24248482792797,0.10897992299432441,470.24525141364165,0.33333037759661255,3.2744835818274387,729.9784889069897,0.011120084564748372
232,0.7837329076642804,0.27414690763125577,59.09942674860147,0.27414690763125577,0.022383829612358297,0.11885426465620341,3.67437814213317,1334.0961919042506,0.0015055632037324685
233,0.8300374124355809,0.36954836937141017,8795.067682748433,0.36954836937141017,127.48419389221323,0.3313223175467386,2.5593485281293358,443.6120898756092,0.011091959066381442
234,0.7743273682786647,0.23576579898148817,0.008890531450009542,0.23576579898148817,0.02783850948173913,0.07467121546354266,1.590318779334861,143.4301139061096,0.0009079441023723105
235,0.7747728353679636,0.23897084308629216,0.008333051236122727,0.23897084308629216,0.02722222820402708,0.07318138543756134,1.6160047654260958,146.9868636831954,0.0008915151450260731
236,0.8334296465727039,0.3535946604604793,8972.074993720846,0.3535946604604793,123.27298361690083,0.33452200000898774,2.5555034169842195,444.64481739876777,0.011184469984635905
237,0.7859287126383058,0.27751337600704734,53.11960446178591,0.27751337600704734,0.022612092201100747,0.12022662645414807,1.1348604799924673,137.8710499399099,0.0014942428348055244
238,0.7856956201485363,0.3125602764503449,0.022520877791450008,0.3125602764503449,62.233771558227424,0.11903118440308087,1.8197360368621491,323.78379972353025,0.001511337381760049
239,0.7867965478070724,0.26703785299287913,0.0014824934034832853,0.26703785299287913,55.938210990053456,0.2807171006026428,1.7421992691751187,333.25947528327976,0.02100208772687781
240,0.777374998536541,0.23848510265454262,0.008524250469569545,0.23848510265454262,0.0275095821220285,0.07350136558042467,1.7187821890621726,158.66841603273593,0.0008909965620921091
241,0.7778970263999107,0.08006755509187707,0.02778511740169516,0.08006755509187707,0.008406418937972197,0.07406780887787842,1.6825373895219593,155.11763806421874,0.0008741676027255588
242,0.7898447768822079,0.27821836866442334,61.79705788143749,0.27821836866442334,0.022606701893142536,0.11978657221301589,3.110822109506051,938.5684663541741,0.0015110609432692048
243,0.789502362957653,0.25774071107384405,0.001460014184806683,0.25774071107384405,51.51649588998052,0.2827203952622217,1.958610439151046,441.82568448398473,0.021178605097381106
244,0.7900201832231561,0.32670772027795675,0.0014943230012418652,0.32670772027795675,56.969949703817655,0.28224878606380194,1.7384519838618369,318.3118779934474,0.02098738108171711
245,0.7911432020996135,0.2981551380639707,0.0015056616486330316,0.2981551380639707,57.53884801653947,0.28127254052108847,1.7309080061199573,317.71012687870206,0.021305142635817783
246,0.7793408482342155,0.24041768797894292,0.008455594765526535,0.24041768797894292,0.027968852269598995,0.07418300246786932,1.6839613414686547,154.9454804265326,0.000864385020951111
247,0.789994299437519,0.2802167836626977,56.403959373989316,0.2802167836626977,0.022788234442428442,0.12096389272890001,0.892118373996277,83.00186858870032,0.0014889058683808618
248,0.7770305906405515,0.24281052238307577,0.008360415989501234,0.24281052238307577,0.027787091468875435,0.07443080861423042,1.6966501858631775,155.96968081630865,0.0008449050622752642
249,0.7873018622283534,0.2819739157717999,56.522357309128935,0.2819739157717999,0.022669904946865962,0.12031560684537324,0.9038957159444616,84.60782816665876,0.0014630251908251423
250,0.7852150616905166,0.3464000056079545,0.0014850001159621338,0.3464000056079545,54.47797386180696,0.2845611525800524,1.6141274643648398,271.32952093097816,0.021277956617262988
251,0.7839697904820991,0.28096081796167766,61.77334280559936,0.28096081796167766,0.0227390737840416,0.12009869759954833,1.8262483362249535,325.2669022079032,0.0014798721149699688
252,0.781475294884949,0.2817662408898813,55.29302238317302,0.2817662408898813,0.022759519895956464,0.12076202847527666,0.9175726668722716,88.46119082637799,0.0014650150337203165
253,0.7800926618697629,0.33334928676702963,0.022556392937780643,0.33334928676702963,61.79531310823704,0.12016084675545811,3.141752594292621,934.3041537736121,0.0014512747937216039
254,0.7676785318171883,0.243125749546457,0.008729338306993305,0.243125749546457,0.028180741241023724,0.07594407165774078,1.7033785128721852,155.99751072481774,0.0008389147236430767
255,0.7773105520564328,0.2826279096451118,61.53860554340362,0.2826279096451118,0.022827374639700294,0.12090737227289416,1.8312228525071197,325.876832900586,0.0014587389593357257
256,0.7761998639541021,0.2705461644773884,0.0015003347549810084,0.2705461644773884,52.88092926801113,0.2863652521162759,1.7287446949463359,332.4833385810791,0.02154725255803593
257,0.7638054631478487,0.2445535243588637,0.008587692862560208,0.2445535243588637,0.027814984953803603,0.07508266160802905,1.6965145399395969,155.0354644653156,0.0008645893385984427
258,0.827219488543064,0.2596084880670045,367.1204052337896,0.2596084880670045,168.96144178492048,0.3390427036994776,3.5977947457547557,864.5720091321266,0.011513758746806454
259,0.7817927814653255,0.28259773747067585,56.12959530092524,0.28259773747067585,0.022871430452734164,0.120218513246271,0.868211464915942,77.35345724050131,0.0014795481625708453
260,0.7821027342629102,0.12027336149832747,53.740504993712314,0.12027336149832747,0.0014846267423092052,0.2874065801802624,1.6303476156293093,273.8122238074001,0.021418843771442757
261,0.7708648517589952,0.24475156038542337,0.008305587159782378,0.24475156038542337,0.028049119716951842,0.07423703563475977,1.669681647462987,151.3541259493558,0.0008419744168627307
262,0.7711091349388237,0.24399110612781116,0.008247297371573868,0.24399110612781116,0.028034422170731387,0.07405061138501967,1.707475980322219,156.2819250795766,0.000847958647540099
263,0.7860330122230943,0.28336583255085074,61.26330321407042,0.28336583255085074,0.023028442986066485,0.12109711718301436,1.839774684542829,324.7219536427424,0.001472398376227547
264,0.7897072220065567,0.26905713453574626,0.00148815788055456,0.26905713453574626,53.23587475369925,0.2890766139406122,1.7694336146935443,341.3808393712168,0.021448236994790763
265,0.7923070976723785,0.12131354608004674,50.87910061217097,0.12131354608004674,0.0014554770822158025,0.2902292107693466,1.841904490001636,381.7179090589187,0.021598417945650022
266,0.7957970653084264,0.2848988019767446,59.34476423962882,0.2848988019767446,0.023203153920021462,0.12163644417132015,1.8447757740417028,334.35025048670144,0.0014681043983002056
267,0.7971524346146426,0.2849710585935472,56.437342255482335,0.2849710585935472,0.023123837700615688,0.12084143187572509,0.7548778095576522,55.37361763357557,0.0014876245638312565
268,0.7857579865719491,0.24669808028317664,0.00850854994528872,0.24669808028317664,0.028276093375809625,0.0753662298296581,1.660295327281075,149.09220999145344,0.0008307604039410433
269,0.8493512494337505,0.2519459063682105,282.51759413746726,0.2519459063682105,202.63071801541716,0.3433082692253984,2.4017190925743335,376.45900901125145,0.011696755606864555
270,0.8018006292497084,0.2874573492157062,61.20123264039107,0.2874573492157062,0.0230869501896511,0.12099613315052493,1.8683247452459713,330.85914224373863,0.0014714162244198875
271,0.7909672937798192,0.24775655924466414,0.008781787020989007,0.24775655924466414,0.02876588647022404,0.0765536013645478,1.6061040014577084,136.72691817583282,0.0008187405015871853
272,0.7918629062553798,0.08096243209145176,0.028517039252059406,0.08096243209145176,0.0084968997578668,0.07592425042173294,1.6241656361753738,142.07499263683212,0.0008247702241650041
273,0.8036744872072701,0.28684372405673003,61.83930786361304,0.28684372405673003,0.023180801324558253,0.1208203081074736,1.8681074365359578,328.2420345056201,0.0014582849996927255
274,0.7894656416751631,0.2485475340143749,0.008366179609581187,0.2485475340143749,0.02834740148599127,0.07561808876096328,1.657201319242679,147.51842996337862,0.0007969532179685184
275,0.800381962225723,0.2872113353089595,58.72410220687751,0.2872113353089595,0.02320540695731078,0.12179305311189802,1.8683772049876406,340.3382989795971,0.0014439268731144658
276,0.799998004853845,0.2710508448936989,0.0014382738439625991,0.2710508448936989,48.91632999638261,0.2945112273032729,1.0552260412879146,123.60412142120855,0.021770137648976916
277,0.7993492249195846,0.2891964161369767,56.05620531118672,0.2891964161369767,0.023475602377328576,0.12319471222800213,0.7668918975424022,56.37344202304431,0.0014450134891684605
278,0.7981640417013333,0.30465110472609036,0.0014378180801156437,0.30465110472609036,48.75895348764644,0.2942258189791824,1.2380991087262188,165.45168494662508,0.021920322493496458
279,0.7961028453890931,0.2887595260097325,59.711247966898654,0.2887595260097325,0.02325419550634157,0.12224912143615708,1.8233674977782377,303.78922862134897,0.0014153813510343657
280,0.7960755291970459,0.36175327899723225,0.001468244551179339,0.36175327899723225,54.88221182405452,0.29380916560843007,1.7688765326177267,313.2702154629004,0.02198303926022357
281,0.7950412355950374,0.2760684636102496,0.001437441286846268,0.2760684636102496,52.3013202375227,0.2953396547326229,1.7803703130943644,340.67903059506915,0.021798300560920924
282,0.8452079600651732,0.24184245052485132,210.26537969833691,0.24184245052485132,247.67809163389953,0.3489025511493759,3.552614837344298,808.482187900105,0.011977182412362376
283,0.78101364713625,0.08233906078541299,0.028801618475121218,0.08233906078541299,0.008415912721098777,0.07697500815188653,1.6712047863447,148.0571932707451,0.0007779459597198391
284,0.7939165892643237,0.27372390836022614,0.001473826203319327,0.27372390836022614,47.742643299515514,0.2960761764425972,1.04983750693508,123.26759792272077,0.022021347068444573
285,0.8438989164335906,0.46158115991186305,368.40805515120405,0.46158115991186305,168.98454453211264,0.3482743262138375,1.2040012492340506,92.76895629826205,0.011962262789360143
286,0.7806135788095202,0.08227612456764119,0.028701332806257182,0.08227612456764119,0.008249565625676093,0.07677664937226293,1.633982690044681,141.24950493470558,0.000774173841970631
287,0.7814606596618808,0.08253886347111342,0.02889377762680996,0.08253886347111342,0.008484460273599736,0.07728953032172248,1.6245298601340667,139.19677567782557,0.0007885041692457853
288,0.8462186986553406,0.10974639124506307,147.04674391613526,0.10974639124506307,450.06578977921635,0.35156782175150353,2.612567996633353,435.9889801490384,0.012070957942981827
289,0.7954287763639628,0.29340873664190614,54.42020896171525,0.29340873664190614,0.02375236275424447,0.12408867327082063,0.8689858106311693,75.22135076578991,0.0014130552516209386
290,0.8474207552484334,0.2699265226777201,309.11010524186656,0.2699265226777201,188.55431001509288,0.35127522625087637,2.3190600263088954,342.974631876222,0.012108263976712764
291,0.797864798896635,0.2940132978132547,50.98620918727886,0.2940132978132547,0.02366621764680784,0.12350139602304189,1.110611382906574,125.42560116320469,0.0014670030710706118
292,0.7988384801982237,0.2935199634542162,59.83667271099143,0.2935199634542162,0.023424734402965462,0.12300202593066457,1.8902616471140439,335.38462268480845,0.001421012467195323
293,0.7901046129839481,0.2535643175399841,0.008346259638874608,0.2535643175399841,0.029120068718706524,0.07753934428389532,1.7228543665223082,154.04241041654228,0.0007733025717829573
294,0.8567356778622605,0.2937995852702818,255.4186787461519,0.2937995852702818,196.198061800917,0.3529060039268202,2.3054434149547616,335.9636443266033,0.012138774060925258
295,0.8068531662642335,0.2951321494150674,58.523594503283064,0.2951321494150674,0.023689913264100172,0.124338089583266,1.8724096762038716,330.37890739374967,0.0014468679842972055
296,0.8076788817012983,0.12462588324744636,49.74700740971763,0.12462588324744636,0.0014264979389676093,0.30056497602817733,0.6906439439155353,50.03976007736018,0.022233720689732454
297,0.8073686431422911,0.2959918155723896,60.040179432908026,0.2959918155723896,0.0236847496570022,0.1243711377476068,1.8986141519544864,329.48693378983086,0.0014054209756414037
298,0.7936722103859706,0.08405139155320915,0.02929313559474988,0.08405139155320915,0.00838958327601493,0.07732238294197727,1.7363723175118126,154.94310189289493,0.0007541580322464399
